3.55875178339143 1.7314769089118 6.89210827145664 3.89302911696314 3.70576474909634 4.40351169672343 3.65165220272261 0.016805579119894 0.00289362555724005 0.0702623058153128 0.0361894694812683 0.554694291236776 0.0367652220989534 0.113304686908946 -2.29139855747977 -0.532687728893092 -39.9745256146208 -1.00217825203684 -9.01203293455266 -29.8229354639675 -5.69868626321879 26.1282541104222 -6.04680285822427 82.8127681145904 21.1263400990866 15.0163629213363 46.9275461116261 32.4628626617641
2.96570313834841 2.58325710835 7.14356966970073 4.889986217084 4.74713371851927 5.05955493553688 4.15600120605404 0.093159431359314 0.113462875791626 0.323229985297063 0.0550221654330135 0.346373645945031 0.087787850612739 0.0191861303397379 -1.28581160030486 -2.41157983132681 -43.0190150546238 -2.15894966504236 -15.4296952684228 -39.691183357061 -7.67685127920338 16.0065888348817 -4.34427302533195 85.7524100680854 4.88254690788481 4.98351573733297 49.956279974143 39.3949879338092
3.0373518720459 2.85518119221344 7.40760257773517 4.9299399382178 4.73255441841587 5.64577450319632 4.50680554339156 0.170705028543685 0.134869115672527 0.379676840420794 0.0425675379354888 0.336610950452185 0.088561308991023 0.00418364450877246 -1.39759206769225 -3.16761526760598 -46.3331164540624 -2.21078105934231 -15.3289331466982 -49.6667146609327 -9.20348343036753 17.4960165630499 2.93664782024101 89.0343999932794 5.34272373843739 5.85866343579757 53.5109859903079 42.782946905451
3.89960761843845 2.39531634913307 7.34038481199044 4.5776911726875 4.13141354403983 5.59343297667604 4.93872056238906 0.0792033972483544 0.160828303914368 0.230602293141209 0.0306537443229364 0.41942608744457 0.049724092698864 0.0145637845811826 -2.9520906653783 -1.93322940167325 -45.4779974034751 -1.76834630077277 -11.4441121321754 -48.7316152972093 -11.2529237810532 32.6001551913236 14.7520665331919 88.3778898469931 31.4807433584625 29.2878168371476 61.0588189208211 51.0625263202752
3.06183743407531 2.85826848753242 7.45701533233925 4.91672497580936 4.71939209580492 5.75932653883003 4.62110130458911 0.171589402498479 0.137721662774308 0.47280089693437 0.0422418474128798 0.334537364423718 0.0915068299531697 0.00457045536981911 -1.436404179079 -3.17663298982553 -46.9666980694372 -2.19359079611719 -15.2382304154821 -51.7253041444797 -9.72758100220954 17.8405977022112 3.2166594377102 89.6374247630921 5.27703855806652 5.8082149534526 54.9252070125616 44.1581232648116
3.02870263439964 2.92096573226856 7.41553614972951 5.02809461615978 4.78855099517389 5.74253187360638 4.61393112642566 0.177884657075422 0.1520357642467 0.417561426756953 0.0312708105228695 0.327212710254069 0.0886020973018387 0.00116426657154033 -1.38395662579374 -3.36187480323414 -46.4345586616434 -2.33990657450163 -15.7176339422796 -51.4182499341251 -9.69431664038897 17.0675457943076 1.97251886942541 89.119910954989 4.72898500031522 4.84406390499778 54.005903489672 43.548738479842
3.07989697326737 2.90018387978612 7.42791046078022 4.97984823699085 4.74341450504866 5.76680664817554 4.65918093843952 0.177692274885515 0.150803443311284 0.417168401087819 0.0318638583481599 0.32808240605648 0.0886234479821028 0.00133495314646128 -1.46523007242534 -3.30002856469237 -46.5929989174008 -2.27611886932467 -15.4039611684153 -51.8623504298735 -9.90510814870107 18.2747339546874 3.42018176423784 89.2799765942827 6.09447445749039 6.21919945860643 54.6366419466119 44.296496462837
3.10760472265981 2.89292227129229 7.43546536966023 4.96354504918253 4.76999815386526 5.77652349727369 4.62706804241729 0.172914676212907 0.134637250019321 0.428839102445965 0.0426330557524193 0.340576950860986 0.0905813702020294 0.00487946650771207 -1.50978560721682 -3.27852231969585 -46.6898615885976 -2.25470305540935 -15.5883427365959 -52.0406425968925 -9.75530166139751 18.1985036493549 3.5898666302072 89.3712517239633 5.70059000643208 6.21126241004673 54.8536156892535 44.0848756042388
3.0930329722182 2.89502776485209 7.43118991874383 4.97399971584117 4.73699946980176 5.77644551636192 4.67710287247031 0.17793397389844 0.149461946134494 0.417423528464515 0.0318220257346241 0.328000293850921 0.0886791718920774 0.00140957131805971 -1.48630371123917 -3.28475247629195 -46.635033267438 -2.26842819354187 -15.3596214504164 -52.0392105487916 -9.98916434694344 18.5542334932397 3.83819737842005 89.3219534298035 6.42234453661333 6.54077886506297 54.816486197476 44.581284079431
3.15744390139817 2.87900798793133 7.4452953184478 4.93542785861357 4.78034591134245 5.78679018695133 4.60912792402491 0.16554049189604 0.116625165061662 0.43868569976577 0.0530639701079898 0.353913101371405 0.0919756902703592 0.0100938665808622 -1.59093408959562 -3.23746390371376 -46.8160403148911 -2.21793340541573 -15.6603923802867 -52.229349779538 -9.67206219883315 18.5063531477368 4.21557032745332 89.4931569423967 5.74810679006521 6.60623383035271 55.1670771817524 44.0916527991812
4.11883675648254 3.26287876491582 6.50273199093549 5.43542841820403 5.78604461703709 4.56557611016449 4.37655837783664 0.0215436657380496 0.00250925316669563 0.34372606084874 0.0629556264442016 0.308096961386769 0.123078711807806 0.430918643644451 -3.4089405041607 -4.4427971292313 -35.4755174367978 -2.90296805959117 -23.4078842135032 -32.1334655391389 -8.62224200531619 25.4071216168355 -29.3079238305281 77.3307882084309 7.16655295114646 0.738503777888395 43.9672682224855 31.7699481218222
3.41355190004427 2.78704922441159 7.17398686248636 5.13011882712067 4.91048757684648 5.65200076995116 4.76450332024606 0.128003706417249 0.135884169305417 0.265252156602184 0.0423409458549783 0.342300821120138 0.0980751902664722 0.0114363394650153 -2.02829444212429 -2.97108835913696 -43.3946775062084 -2.47682062359414 -16.5798761543576 -49.7785287020304 -10.40370808925 22.272707170358 2.18574582188565 86.0821796797321 9.76292452304566 9.28162696343222 55.1237585497553 45.5051870022999
3.64722971216295 2.62532502561098 6.98595769028473 5.04996810781549 4.92166342960818 5.58346174652252 4.89117145030589 0.077907447996666 0.113460530100851 0.371012491548047 0.0494228360851744 0.361607618781296 0.114357396191726 0.0747569130391602 -2.45709499412281 -2.52359860142506 -41.0980183959865 -2.36902866905719 -16.6599878251573 -48.554463489091 -11.0181216781067 24.0436233674624 -3.86440505550779 83.6339401140542 12.505124287376 10.5820784013692 57.0116492543774 47.0601192222927
3.46309855508065 2.79909140062492 7.23782396012463 5.11514866822835 4.89562655601645 5.82145980265739 4.93285354767347 0.129955685059128 0.139537830118543 0.361930532019198 0.0419032051359779 0.339600045140125 0.102031860270194 0.00913415235682512 -2.11684195521548 -3.00547875020484 -44.1882771015376 -2.45655886448616 -16.4736302580758 -52.8690720478589 -11.2238290456652 22.8802778974586 2.74291263496134 86.8696522072865 9.70545336970008 9.24767325419503 57.1202009193377 47.5378606126652
3.67669937592864 2.69458876334012 7.02665203648092 5.26592705063466 5.04162591802468 5.59147959081102 4.89635984644614 0.0988636783349169 0.138505137134646 0.263384383880309 0.0424732461328266 0.334579953379256 0.107475714930068 0.065890847240874 -2.51318744165537 -2.71197686549541 -41.5899025740245 -2.66333902797713 -17.5313822697487 -48.6968859737806 -11.043632069114 25.5697809009781 0.966922858702059 84.1759727170162 12.9091702236804 11.6875462220291 55.7201793673143 46.6634821806654
3.3250983623418 2.89470394891008 7.3367509268359 4.9940708288289 4.79830213444757 6.00132168118404 5.07450564374593 0.139574204480568 0.134268794178366 0.420855349290267 0.0496878976654876 0.35654008068209 0.0968491961091467 1.06114493032849e-08 -1.87338667175577 -3.2837940097928 -45.4319905787991 -2.29485897443216 -15.7857889876795 -56.2492103959419 -11.9359492655678 20.1546402759228 2.91909150830611 88.1005252418741 10.4299805501737 10.8016897815136 59.9891091809771 50.2944439451617
4.07159538785369 2.59591036992649 6.80593381984932 5.21492877389011 5.20575359031212 5.42681193502929 4.89286714481776 0.0526908853808809 0.074751731077627 0.422745317376375 0.0521396538161505 0.352667733673301 0.140077651216742 0.193436390721565 -3.3083830275585 -2.44508275540602 -38.9562935333145 -2.59272683750851 -18.7575819785417 -45.8128660902174 -11.0264561213929 28.099850527162 -9.81594742645192 81.2064448625134 13.4131863431132 9.40718860591572 55.4438681672268 44.7740859190433
3.43951596396146 2.92523781019939 7.18375575156499 5.28504712395928 5.02690881843088 5.88551739587954 4.97562976186659 0.139669256186535 0.153029105572746 0.320809152684256 0.0316759788610807 0.338232805476706 0.100156189026366 0.0126384354660622 -2.07453709926063 -3.37464311182142 -43.5156651707486 -2.68998978496892 -17.4233496072532 -54.0611127324436 -11.4367509549182 21.8833479871664 0.946199450788642 86.1717457805185 8.53586601712324 7.58825935751009 56.7857445860348 47.2067206335573
4.18877829546967 3.44659033018603 6.58146991444649 5.41590490175615 5.84639135338517 5.14095671942958 4.67221988017079 0.053016603740999 0.0275273272594471 0.423631361532814 0.0441008205231961 0.382089492436 0.174505382040533 0.204306900883577 -3.55994734698937 -5.07294855952226 -36.3641883097543 -2.87498027115372 -23.9196733184813 -41.0110546018415 -9.96623049439914 25.9596752623765 -27.5048247959023 78.1838625225895 6.4477344791121 -2.91213569691353 48.005839258032 32.0959978342682
3.54463694814847 2.88752478813437 7.22088071045832 5.21500020906062 4.9599144735515 5.93021468946035 5.05405613777543 0.139075613963756 0.150769529441586 0.326421164841684 0.032881044468439 0.33925136797468 0.100172602247012 0.0121842430538688 -2.26534143381838 -3.26257186764321 -43.9769594143052 -2.59282526600991 -16.9355605110651 -54.9006066442912 -11.8318994233489 23.9185716650908 3.55453976143266 86.647685429233 10.8036407102831 9.95042838576079 57.811243251071 48.4781707384454
3.58092599006179 2.88401029949 7.23472226265234 5.20419152369199 4.98732331497283 5.9470899429701 5.03191854918015 0.134829482188649 0.134184928427483 0.340122943870308 0.0425014274895489 0.349104453968093 0.102189547774753 0.00630821495439261 -2.33254305677441 -3.25220198702356 -44.1495554267719 -2.57794761589869 -17.1343345928766 -55.2192052638527 -11.719733997373 23.9125942267531 3.87688228760539 86.8127328135491 10.5223770221791 10.0346509073432 58.0706019169846 48.4320689771635
3.57406538225405 2.87659266199037 7.22846953218608 5.2059663492006 4.94868972076154 5.94967583907187 5.08821972024934 0.139473237975396 0.148206170337585 0.326679348440688 0.0328363727247268 0.338926679563883 0.100232722429966 0.0119037827797863 -2.31978581499403 -3.23035689789881 -44.0715466253859 -2.5803884620907 -16.8544726502209 -55.2681060308952 -12.0059636993824 24.4567742614726 4.39074259234999 86.7475021683254 11.4287880330487 10.5743869678323 58.1516507505444 49.0188352803521
3.69636467832897 2.86714018549606 7.2662091687252 5.16095579516001 5.01065722916057 5.97260199090681 5.00417887216763 0.121296025261666 0.0983694472320817 0.361208654220716 0.0608502753181188 0.371655960462454 0.104676010589757 0.000640944793182515 -2.55086942166818 -3.20260069139702 -44.5434097700284 -2.51874434572625 -17.3044197680478 -55.7025823304733 -11.5798792888833 24.57522209265 5.24446657523778 87.1968796353945 10.732643401391 10.8808807868062 58.6382306361739 48.571268948861
