gw_mix	percop	ratem	kex	kt	kdif	DTsoil 	DTwater	Kpwater	Kpsoil	Kpsed
0.982	0.586	0.0394	0.00491	1.0586	0.00077	180	180	0.0080172 	48.62	0.02247782
0.982	0.586	0.0394	0.00491	1.0586	0.00077	84.908	6.32	0.0080172 	48.62	0.02247782
0.343	0.964	0.1031	0.001715	1.0964	0.001355	24.842	7.58	0.0026819 	376.89	0.00631893
0.325	0.1	0.255	0.001625	1.0325	5.00E-04	23.15	5.45	0.0000142 	492.75	0.00586375
0.982	0.586	0.0394	0.00491	1.0586	0.00077	84.908	6.32	0.0026819 	125.86	0.02247782
0.325	0.55	0.01	0.001625	1.0325	5.00E-04	23.15	5.45	0.0000142 	492.75	0.00586375
0.325	0.1	0.1325	0.001625	1.01	0.001625	23.15	6.2	0.0000142 	492.75	0.00586375
0.325	0.1	0.1325	0.001625	1.01	0.001625	44.3	5.45	0.0000142 	492.75	0.00586375
0.325	0.1	0.1325	0.00275	1.0325	5.00E-04	23.15	5.45	0.0000142 	492.75	0.00586375
0.325	0.1	0.1325	0.001625	1.01	0.00275	23.15	5.45	0.0000142 	492.75	0.00586375
0.325	0.1	0.1325	0.001625	1.055	5.00E-04	23.15	5.45	0.0000142 	492.75	0.00586375
0.343	0.964	0.1031	0.001715	1.0964	0.001355	24.842	7.58	0.0253571 	48.62	0.00631893
0.334	0.118	0.3726	0.00149	1.0334	0.00059	20.612	5.48	0.0026819 	434.82	0.00609134
0.415	0.82	0.0345	0.002075	1.082	0.000725	31.61	7.1	0.0066834 	203.1	0.00813965
0.334	0.766	0.0198	0.00149	1.0334	0.00059	20.612	5.48	0.0026819 	434.82	0.00609134
0.343	0.136	0.4902	0.001355	1.0343	0.00068	18.074	5.51	0.0053496 	376.89	0.00631893
0.397	0.856	0.0149	0.001985	1.0856	0.000545	29.918	7.22	0.0013480 	647.23	0.01337422
0.415	0.82	0.0345	0.002075	1.082	0.000725	31.61	7.1	0.0133526 	106.55	0.00813965
0.334	0.118	0.1178	0.00167	1.0118	0.00149	23.996	6.92	0.0026819 	434.82	0.00609134
0.397	0.244	0.0149	0.001985	1.0244	0.000545	37.532	5.69	0.0213556 	29.31	0.00768447
0.334	0.118	0.1178	0.00167	1.0118	0.00149	64.604	5.48	0.0026819 	434.82	0.00609134
0.334	0.118	0.1178	0.00383	1.0334	0.00059	20.612	5.48	0.0026819 	434.82	0.00609134
0.334	0.118	0.1178	0.00167	1.0118	0.00383	20.612	5.48	0.0026819 	434.82	0.00609134
0.334	0.118	0.1178	0.00167	1.0766	0.00059	20.612	5.48	0.0026819 	434.82	0.00609134
0.343	0.982	0.0296	0.001355	1.0343	0.00068	18.074	5.51	0.0053496 	376.89	0.00631893
0.55	0.325	0.01	0.001625	1.0325	5.00E-04	23.15	5.45	0.0000142 	492.75	0.00586375
0.316	0.118	0.1472	0.00158	1.0118	0.00176	22.304	5.48	0.0026819 	550.68	0.00563616
0.316	0.118	0.1472	0.00158	1.0118	0.00167	25.688	5.42	0.0026819 	550.68	0.00563616
0.316	0.118	0.1472	0.00158	1.0118	0.00176	23.996	5.42	0.0026819 	550.68	0.00563616
0.316	0.118	0.1472	0.00167	1.0316	0.00059	25.688	5.42	0.0026819 	550.68	0.00563616
0.316	0.118	0.1472	0.00158	1.0334	0.00059	25.688	5.42	0.0026819 	550.68	0.00563616
0.397	0.244	0.0149	0.001985	1.0244	0.000545	29.918	5.96	0.0213556 	29.31	0.00768447
0.379	0.208	0.0443	0.001895	1.0208	0.000815	28.226	5.06	0.0080172 	145.17	0.00722929
0.316	0.118	0.1374	0.00176	1.0316	0.00059	25.688	5.42	0.0026819 	550.68	0.00563616
0.397	0.856	0.0149	0.001985	1.0856	0.000545	29.918	7.22	0.0013480 	1129.98	0.00768447
0.406	0.838	0.0198	0.00203	1.0838	0.00059	30.764	7.16	0.0026819 	666.54	0.00791206
0.406	0.838	0.0198	0.00203	1.0838	0.00059	30.764	7.16	0.0026819 	666.54	0.00791206
0.307	0.136	0.1619	0.001535	1.0136	0.001895	21.458	4.82	0.0026819 	608.61	0.00540857
0.379	0.208	0.0443	0.001895	1.0208	0.000815	28.226	5.06	0.0093511 	125.86	0.00722929
0.397	0.244	0.0149	0.001985	1.0244	0.000545	29.918	5.18	0.0013480 	647.23	0.00973278
0.316	0.334	0.0198	0.00176	1.0316	0.00059	25.688	5.42	0.0026819 	550.68	0.00563616
0.334	0.316	0.0198	0.00176	1.0316	0.00059	25.688	5.42	0.0026819 	550.68	0.00563616
0.118	0.586	0.4706	0.00059	1.0586	0.00473	3.692	6.32	0.0026819 	1825.14	0.00062918
0.532	0.514	0.2256	0.00266	1.0514	0.00248	42.608	6.08	0.0026819 	859.64	0.01109832
0.352	0.154	0.3922	0.00122	1.0352	0.00077	15.536	5.54	0.0080172 	318.96	0.00654652
0.397	0.244	0.0149	0.001985	1.0244	0.000545	29.918	5.18	0.0013480 	821.02	0.00768447
0.343	0.136	0.1031	0.001715	1.0136	0.001355	24.842	7.64	0.0053496 	376.89	0.00631893
0.271	0.892	0.2207	0.001355	1.0892	0.002435	18.074	7.34	0.0080172 	840.33	0.00449821
0.334	0.784	0.0198	0.00374	1.0784	0.00059	62.912	6.98	0.0026819 	1400.32	0.01747084
0.55	0.775	0.01	0.003875	1.0775	5.00E-04	65.45	6.95	0.0000142 	1458.25	0.01724325
0.343	0.136	0.1031	0.001715	1.0136	0.001355	84.908	5.51	0.0053496 	376.89	0.00631893
0.568	0.514	0.2844	0.00284	1.0514	0.00302	45.992	6.08	0.0026819 	1091.36	0.01200868
0.352	0.802	0.0394	0.00122	1.0352	0.00077	15.536	5.54	0.0080172 	318.96	0.00654652
0.406	0.262	0.0198	0.00203	1.0262	0.00059	30.764	5.24	0.0026819 	666.54	0.01519494
0.343	0.136	0.1031	0.00491	1.0343	0.00068	18.074	5.51	0.0053496 	376.89	0.00631893
0.343	0.136	0.1031	0.001715	1.0136	0.00491	18.074	5.51	0.0053496 	376.89	0.00631893
0.388	0.874	0.0296	0.00194	1.0874	0.00068	29.072	7.28	0.0053496 	627.92	0.01883638
0.343	0.136	0.1031	0.001715	1.0982	0.00068	18.074	5.51	0.0053496 	376.89	0.00631893
0.388	0.226	0.0296	0.00194	1.0226	0.00068	29.072	5.12	0.0053496 	357.58	0.00745688
0.406	0.262	0.0198	0.00203	1.0262	0.00059	57.836	5.72	0.0240233 	48.62	0.00791206
0.307	0.136	0.1619	0.001535	1.0118	0.00068	28.226	5.39	0.0053496 	608.61	0.00540857
0.307	0.136	0.1619	0.001535	1.0136	0.00059	28.226	5.39	0.0053496 	608.61	0.00540857
0.307	0.136	0.1619	0.00059	1.0307	0.00068	28.226	5.39	0.0053496 	608.61	0.00540857
0.361	0.172	0.2746	0.001085	1.0361	0.00086	12.998	5.57	0.0106849 	261.03	0.00677411
0.424	0.802	0.0492	0.00212	1.0802	0.00086	32.456	7.04	0.0106849 	280.34	0.00836724
0.307	0.136	0.1619	0.001535	1.0136	0.001895	21.458	4.76	0.0053496 	608.61	0.00540857
0.406	0.262	0.0198	0.00203	1.0262	0.00059	30.764	5.24	0.0026819 	1284.46	0.00791206
0.307	0.136	0.1619	0.001535	1.0136	0.001895	3.692	5.39	0.0053496 	608.61	0.00540857
0.352	0.154	0.0884	0.00176	1.0154	0.00122	25.688	7.04	0.0080172 	318.96	0.00654652
0.757	0.964	0.4069	0.003785	1.0964	0.004145	63.758	7.58	0.0026819 	1574.11	0.01678807
0.406	0.262	0.0198	0.00203	1.0262	0.00059	30.764	6.68	0.0240233 	48.62	0.00791206
0.352	0.154	0.0884	0.00176	1.0154	0.00122	67.988	5.54	0.0080172 	318.96	0.00654652
0.307	0.118	0.0296	0.001895	1.0307	0.00068	28.226	5.39	0.0053496 	608.61	0.00540857
0.307	0.136	0.0198	0.001895	1.0307	0.00068	28.226	5.39	0.0053496 	608.61	0.00540857
0.361	0.586	0.0492	0.001085	1.0361	0.00086	12.998	5.57	0.0106849 	261.03	0.00677411
0.352	0.154	0.0884	0.00401	1.0352	0.00077	15.536	5.54	0.0080172 	318.96	0.00654652
0.352	0.154	0.0884	0.00176	1.0154	0.00401	15.536	5.54	0.0080172 	318.96	0.00654652
0.415	0.28	0.451	0.000725	1.0415	0.0014	6.23	5.75	0.0266910 	106.55	0.00813965
0.496	0.658	0.1668	0.00248	1.0658	0.00194	39.224	6.56	0.0080172 	627.92	0.01018796
0.415	0.82	0.0345	0.002075	1.082	0.000725	31.61	7.1	0.0066834 	685.85	0.0024499
0.352	0.154	0.0884	0.00176	1.0802	0.00077	15.536	5.54	0.0080172 	318.96	0.00654652
0.388	0.226	0.0296	0.00194	1.0226	0.00068	29.072	5.12	0.0053496 	627.92	0.00427062
0.388	0.874	0.0296	0.00194	1.0874	0.00068	29.072	7.28	0.0053496 	1593.42	0.00745688
0.361	0.172	0.0737	0.001805	1.0172	0.001085	26.534	6.32	0.0106849 	261.03	0.00677411
0.388	0.226	0.0296	0.00194	1.0226	0.00068	29.072	5.24	0.0186879 	87.24	0.00745688
0.361	0.172	0.0737	0.001805	1.0172	0.001085	47.684	5.57	0.0106849 	261.03	0.00677411
0.37	0.19	0.157	0.00095	1.037	0.00095	10.46	5.6	0.0133526 	203.1	0.0070017
0.298	0.154	0.1766	0.00149	1.0154	0.00149	30.764	5.36	0.0080172 	666.54	0.00518098
0.298	0.154	0.1766	0.00149	1.0298	0.00077	30.764	5.36	0.0080172 	666.54	0.00518098
0.298	0.154	0.1766	0.00149	1.0298	0.00077	30.764	5.36	0.0080172 	666.54	0.00518098
0.298	0.154	0.1766	0.00149	1.0154	0.00203	20.612	5.36	0.0080172 	666.54	0.00518098
0.298	0.154	0.1766	0.00149	1.0154	0.00203	20.612	5.36	0.0080172 	666.54	0.00518098
0.379	0.892	0.0443	0.001895	1.0892	0.000815	28.226	7.34	0.0093511 	608.61	0.02156746
0.424	0.802	0.0492	0.00212	1.0802	0.00086	32.456	7.04	0.0186879 	164.48	0.00836724
0.154	0.442	0.4118	0.00077	1.0442	0.00419	7.076	5.84	0.0080172 	1593.42	0.00153954
0.361	0.172	0.0737	0.00293	1.0361	0.00086	12.998	5.57	0.0106849 	261.03	0.00677411
0.361	0.172	0.0737	0.001805	1.0172	0.00293	12.998	5.57	0.0106849 	261.03	0.00677411
0.37	0.37	0.059	0.00095	1.037	0.00095	10.46	5.6	0.0133526 	203.1	0.0070017
0.37	0.37	0.059	0.00095	1.037	0.00095	10.46	5.6	0.0133526 	203.1	0.0070017
0.388	0.226	0.0296	0.00194	1.0226	0.00068	17.228	5.66	0.0186879 	87.24	0.00745688
0.361	0.172	0.0737	0.001805	1.0586	0.00086	12.998	5.57	0.0106849 	261.03	0.00677411
0.298	0.154	0.1178	0.00203	1.0298	0.00077	30.764	5.36	0.0080172 	666.54	0.00518098
0.298	0.298	0.0394	0.00203	1.0298	0.00077	30.764	5.36	0.0080172 	666.54	0.00518098
0.298	0.298	0.0394	0.00203	1.0298	0.00077	30.764	5.36	0.0080172 	666.54	0.00518098
0.775	0.1	0.3775	0.003875	1.055	5.00E-04	65.45	6.95	0.0000142 	1458.25	0.01724325
0.415	0.28	0.0345	0.002075	1.028	0.000725	31.61	5.3	0.0066834 	685.85	0.0206571
0.118	0.307	0.0296	0.001895	1.0307	0.00068	28.226	5.39	0.0053496 	608.61	0.00540857
0.775	0.1	0.3775	0.003875	1.01	0.00275	65.45	6.95	0.0000142 	1458.25	0.01724325
0.298	0.802	0.0394	0.00347	1.0802	0.00077	57.836	7.04	0.0080172 	1284.46	0.01792602
0.775	0.1	0.3775	0.00275	1.0775	5.00E-04	65.45	6.95	0.0000142 	1458.25	0.01724325
0.775	0.1	0.3775	0.003875	1.01	0.003875	44.3	6.95	0.0000142 	1458.25	0.01724325
0.37	0.19	0.059	0.00185	1.019	0.00095	27.38	5.6	0.0133526 	203.1	0.0070017
0.37	0.19	0.059	0.00185	1.019	0.00095	27.38	5.6	0.0133526 	203.1	0.0070017
0.118	0.793	0.0296	0.003605	1.0793	0.00068	60.374	7.01	0.0053496 	1342.39	0.01769843
0.262	0.388	0.0786	0.00068	1.0388	0.00113	5.384	5.66	0.0186879 	87.24	0.00745688
0.775	0.1	0.3775	0.003875	1.01	0.003875	65.45	6.2	0.0000142 	1458.25	0.01724325
0.406	0.262	0.3334	0.00059	1.0406	0.00131	3.692	5.72	0.0240233 	48.62	0.00791206
0.154	0.379	0.0688	0.000815	1.0379	0.00104	7.922	5.63	0.0160203 	145.17	0.00722929
0.775	0.1	0.255	0.003875	1.0775	5.00E-04	65.45	6.95	0.0000142 	1458.25	0.01724325
0.379	0.208	0.0443	0.001895	1.0208	0.000815	28.226	4.88	0.0160203 	145.17	0.00722929
0.37	0.19	0.059	0.00185	1.019	0.00185	10.46	5.6	0.0133526 	203.1	0.0070017
0.37	0.19	0.059	0.00185	1.037	0.00095	10.46	5.6	0.0133526 	203.1	0.0070017
0.37	0.19	0.059	0.00185	1.037	0.00095	10.46	5.6	0.0133526 	203.1	0.0070017
0.532	0.514	0.2256	0.00266	1.0514	0.00248	42.608	6.08	0.0587031 	48.62	0.01109832
0.289	0.172	0.1913	0.001445	1.0172	0.002165	19.766	6.08	0.0106849 	724.47	0.00495339
0.775	0.55	0.01	0.003875	1.0775	5.00E-04	65.45	6.95	0.0000142 	1458.25	0.01724325
0.415	0.91	0.108	0.000725	1.0415	0.0014	6.23	5.75	0.0266910 	106.55	0.00813965
0.289	0.172	0.2354	0.002165	1.0289	0.00086	33.302	5.33	0.0106849 	724.47	0.00495339
0.766	0.334	0.0198	0.00149	1.0334	0.00059	20.612	5.48	0.0026819 	434.82	0.00609134
0.415	0.28	0.0345	0.002075	1.028	0.000725	31.61	5.3	0.0066834 	1747.9	0.00813965
0.604	0.658	0.3432	0.00302	1.0658	0.00356	49.376	6.56	0.0080172 	1323.08	0.01291904
0.289	0.172	0.1913	0.001445	1.0172	0.002165	40.916	5.33	0.0106849 	724.47	0.00495339
0.289	0.172	0.1913	0.00257	1.0289	0.00086	33.302	5.33	0.0106849 	724.47	0.00495339
0.289	0.172	0.1913	0.001445	1.0172	0.00257	33.302	5.33	0.0106849 	724.47	0.00495339
0.19	0.73	0.353	0.00095	1.073	0.00365	10.46	6.8	0.0133526 	1361.7	0.0024499
0.424	0.802	0.0492	0.00212	1.0802	0.00086	32.456	7.04	0.0106849 	705.16	0.00336026
0.388	0.226	0.0982	0.00068	1.0388	0.00113	5.384	5.66	0.0186879 	87.24	0.00745688
0.289	0.514	0.0492	0.002165	1.0289	0.00086	33.302	5.33	0.0106849 	724.47	0.00495339
0.289	0.172	0.1913	0.001445	1.0514	0.00086	33.302	5.33	0.0106849 	724.47	0.00495339
0.379	0.208	0.0443	0.001895	1.0208	0.000815	28.226	5.06	0.0093511 	608.61	0.00153954
0.379	0.154	0.0688	0.000815	1.0379	0.00104	7.922	5.63	0.0160203 	145.17	0.00722929
0.379	0.208	0.0443	0.001895	1.0208	0.00077	7.922	5.63	0.0160203 	145.17	0.00722929
0.379	0.208	0.0443	0.00077	1.0379	0.00104	7.922	5.63	0.0160203 	145.17	0.00722929
0.388	0.262	0.0786	0.00068	1.0388	0.00113	5.384	5.66	0.0186879 	87.24	0.00745688
0.379	0.208	0.0443	0.001895	1.0154	0.00104	7.922	5.63	0.0160203 	145.17	0.00722929
0.379	0.208	0.0394	0.000815	1.0379	0.00104	7.922	5.63	0.0160203 	145.17	0.00722929
1	0.55	0.01	0.005	1.055	5.00E-04	86.6	6.2	0.0667061 	10	0.022933
1	0.55	0.01	0.005	1.055	5.00E-04	86.6	6.2	0.0667061 	10	0.022933
0.37	0.91	0.059	0.00185	1.091	0.00095	27.38	7.4	0.0133526 	589.3	0.0161053
0.586	0.361	0.0492	0.001085	1.0361	0.00086	12.998	5.57	0.0106849 	261.03	0.00677411
0.379	0.208	0.0443	0.001895	1.0208	0.000815	7.076	5.63	0.0160203 	145.17	0.00722929
0.379	0.892	0.0443	0.001895	1.0892	0.000815	28.226	7.34	0.0093511 	1825.14	0.00722929
0.424	0.298	0.4314	0.00086	1.0424	0.00149	8.768	5.78	0.0293586 	164.48	0.00836724
0.388	0.226	0.0296	0.00194	1.0226	0.00068	29.072	5.12	0.0240233 	87.24	0.00745688
0.46	0.37	0.108	0.0023	1.037	0.0014	35.84	5.6	0.0133526 	396.2	0.0092776
0.28	0.19	0.353	0.0023	1.028	0.00095	35.84	5.3	0.0133526 	782.4	0.0047258
0.28	0.19	0.206	0.0014	1.019	0.0023	18.92	6.8	0.0133526 	782.4	0.0047258
0.766	0.118	0.3922	0.00383	1.0118	0.00383	67.988	6.92	0.0026819 	1516.18	0.01701566
0.766	0.118	0.3922	0.00383	1.0118	0.00401	64.604	6.92	0.0026819 	1516.18	0.01701566
0.766	0.118	0.3922	0.00383	1.0118	0.00401	64.604	6.92	0.0026819 	1516.18	0.01701566
0.766	0.118	0.3922	0.00383	1.0766	0.00059	67.988	6.92	0.0026819 	1516.18	0.01701566
0.766	0.118	0.3922	0.00383	1.0766	0.00059	67.988	6.92	0.0026819 	1516.18	0.01701566
0.766	0.118	0.3726	0.00401	1.0766	0.00059	67.988	6.92	0.0026819 	1516.18	0.01701566
0.784	0.118	0.3628	0.00392	1.0334	0.00059	62.912	6.98	0.0026819 	1400.32	0.01747084
0.28	0.73	0.059	0.0023	1.028	0.00095	35.84	5.3	0.0133526 	782.4	0.0047258
0.784	0.118	0.3628	0.00392	1.0118	0.00167	62.912	6.98	0.0026819 	1400.32	0.01747084
0.424	0.298	0.0492	0.00212	1.0298	0.00086	32.456	5.36	0.0106849 	705.16	0.01974674
0.388	0.226	0.0296	0.00131	1.0388	0.00113	5.384	5.66	0.0186879 	87.24	0.00745688
0.784	0.118	0.3628	0.00392	1.0118	0.00374	23.996	6.98	0.0026819 	1400.32	0.01747084
0.784	0.118	0.3628	0.00167	1.0784	0.00059	62.912	6.98	0.0026819 	1400.32	0.01747084
0.388	0.226	0.0296	0.00194	1.0262	0.00113	5.384	5.66	0.0186879 	87.24	0.00745688
0.388	0.226	0.0296	0.00194	1.0226	0.00131	5.384	5.66	0.0186879 	87.24	0.00745688
0.235	0.28	0.2795	0.001175	1.028	0.002975	14.69	5.3	0.0133526 	1072.05	0.00358785
0.757	0.964	0.4069	0.003785	1.0964	0.004145	63.758	7.58	0.1080551 	48.62	0.01678807
0.28	0.19	0.206	0.0014	1.019	0.0023	61.22	5.3	0.0133526 	782.4	0.0047258
0.28	0.19	0.206	0.00365	1.028	0.00095	35.84	5.3	0.0133526 	782.4	0.0047258
0.28	0.19	0.206	0.0014	1.019	0.00365	35.84	5.3	0.0133526 	782.4	0.0047258
0.415	0.28	0.0345	0.002075	1.028	0.000725	31.61	7.4	0.0266910 	106.55	0.00813965
0.568	0.514	0.2844	0.00284	1.0514	0.00302	45.992	6.08	0.0747091 	48.62	0.01200868
0.415	0.28	0.0345	0.002075	1.028	0.000725	78.14	5.75	0.0266910 	106.55	0.00813965
0.28	0.19	0.206	0.0014	1.073	0.00095	35.84	5.3	0.0133526 	782.4	0.0047258
0.766	0.766	0.0198	0.00401	1.0766	0.00059	67.988	6.92	0.0026819 	1516.18	0.01701566
0.766	0.766	0.0198	0.00401	1.0766	0.00059	67.988	6.92	0.0026819 	1516.18	0.01701566
0.406	0.694	0.0982	0.00059	1.0406	0.00131	3.692	5.72	0.0240233 	48.62	0.00791206
0.271	0.208	0.4706	0.002435	1.0271	0.00104	38.378	5.27	0.0160203 	840.33	0.00449821
0.424	0.874	0.1178	0.00086	1.0424	0.00149	8.768	5.78	0.0293586 	164.48	0.00836724
0.361	0.928	0.0737	0.001805	1.0928	0.001085	26.534	7.46	0.0173541 	569.99	0.01064314
0.37	0.91	0.059	0.00185	1.091	0.00095	27.38	7.4	0.0133526 	1361.7	0.0070017
0.784	0.118	0.3628	0.00392	1.0118	0.00374	66.296	5.48	0.0026819 	1400.32	0.01747084
0.784	0.118	0.1374	0.00374	1.0784	0.00059	62.912	6.98	0.0026819 	1400.32	0.01747084
0.433	0.784	0.0639	0.002165	1.0784	0.000995	33.302	6.98	0.0146864 	724.47	0.00882242
0.514	0.811	0.0492	0.003335	1.0811	0.00086	55.298	7.07	0.0106849 	1226.53	0.01815361
0.271	0.208	0.2207	0.001355	1.0208	0.002435	18.074	7.52	0.0160203 	840.33	0.00449821
0.37	0.19	0.059	0.00185	1.019	0.00095	27.38	5	0.0133526 	589.3	0.0070017
0.37	0.19	0.059	0.00185	1.019	0.00095	27.38	5	0.0133526 	589.3	0.0070017
0.433	0.784	0.0639	0.002165	1.0784	0.000995	33.302	6.98	0.0146864 	743.78	0.00859483
0.271	0.946	0.0688	0.002435	1.0271	0.00104	38.378	5.27	0.0160203 	840.33	0.00449821
0.352	0.946	0.0884	0.00176	1.0946	0.00122	25.688	7.52	0.0213556 	434.82	0.00654652
0.784	0.334	0.0198	0.00374	1.0784	0.00059	62.912	6.98	0.0026819 	1400.32	0.01747084
0.424	0.298	0.0492	0.00212	1.0298	0.00086	32.456	5.36	0.0106849 	1670.66	0.00836724
0.514	0.289	0.0492	0.002165	1.0289	0.00086	33.302	5.33	0.0106849 	724.47	0.00495339
0.829	0.892	0.2893	0.004145	1.0892	0.003065	70.526	7.34	0.0080172 	1110.67	0.01860879
0.37	0.73	0.059	0.00455	1.073	0.00095	78.14	6.8	0.0133526 	1747.9	0.0161053
0.199	0.748	0.3383	0.000995	1.0748	0.003515	11.306	6.86	0.0186879 	1303.77	0.00267749
0.757	0.136	0.4069	0.003785	1.0136	0.004145	63.758	7.64	0.0053496 	1574.11	0.01678807
0.757	0.136	0.4902	0.004145	1.0757	0.00068	70.526	6.89	0.0053496 	1574.11	0.01678807
0.793	0.136	0.3481	0.003965	1.0136	0.003605	67.142	4.82	0.0026819 	1342.39	0.01769843
0.307	0.136	0.1619	0.001535	1.0136	0.001895	21.458	4.82	0.0413632 	48.62	0.00540857
0.397	0.244	0.2158	0.000545	1.0397	0.00122	2.846	5.69	0.0213556 	29.31	0.00768447
0.271	0.208	0.2207	0.00473	1.0271	0.00104	38.378	5.27	0.0160203 	840.33	0.00449821
0.271	0.208	0.2207	0.001355	1.0208	0.002435	81.524	5.27	0.0160203 	840.33	0.00449821
0.271	0.208	0.2207	0.001355	1.0208	0.00473	38.378	5.27	0.0160203 	840.33	0.00449821
0.757	0.136	0.4069	0.003785	1.0136	0.004145	84.908	6.89	0.0053496 	1574.11	0.01678807
0.757	0.136	0.4069	0.00491	1.0757	0.00068	70.526	6.89	0.0053496 	1574.11	0.01678807
0.757	0.136	0.4069	0.003785	1.0136	0.00491	70.526	6.89	0.0053496 	1574.11	0.01678807
0.802	0.352	0.0394	0.00122	1.0352	0.00077	15.536	5.54	0.0080172 	318.96	0.00654652
0.361	0.928	0.0737	0.001805	1.0928	0.001085	26.534	7.46	0.0173541 	898.26	0.00677411
0.757	0.136	0.4069	0.003785	1.0982	0.00068	70.526	6.89	0.0053496 	1574.11	0.01678807
0.451	0.352	0.0933	0.002255	1.0352	0.001265	34.994	5.54	0.0186879 	338.27	0.00905001
0.406	0.838	0.0198	0.00203	1.0838	0.00059	30.764	7.16	0.0453647 	48.62	0.00791206
0.352	0.946	0.0884	0.00176	1.0946	0.00122	25.688	7.52	0.0213556 	550.68	0.00518098
0.496	0.658	0.1668	0.00248	1.0658	0.00194	39.224	6.56	0.0426970 	125.86	0.01018796
0.271	0.208	0.2207	0.001355	1.0946	0.00104	38.378	5.27	0.0160203 	840.33	0.00449821
0.793	0.136	0.3481	0.003965	1.0136	0.00059	60.374	7.01	0.0053496 	1342.39	0.01769843
0.793	0.136	0.3481	0.003965	1.0118	0.00068	60.374	7.01	0.0053496 	1342.39	0.01769843
0.262	0.226	0.4118	0.00257	1.0262	0.00113	40.916	5.24	0.0186879 	898.26	0.00427062
0.757	0.982	0.0296	0.004145	1.0757	0.00068	70.526	6.89	0.0053496 	1574.11	0.01678807
0.433	0.316	0.0639	0.002165	1.0316	0.000995	33.302	5.42	0.0146864 	724.47	0.01428458
0.793	0.136	0.3481	0.00059	1.0793	0.00068	60.374	7.01	0.0053496 	1342.39	0.01769843
0.262	0.226	0.2354	0.00131	1.0226	0.00257	17.228	7.16	0.0186879 	898.26	0.00427062
1	0.55	0.01	0.005	1.055	5.00E-04	44.3	7.7	0.0667061 	10	0.022933
0.793	0.136	0.3481	0.003965	1.0136	0.003605	3.692	7.01	0.0053496 	1342.39	0.01769843
1	0.55	0.01	0.005	1.055	5.00E-04	86.6	6.2	0.0000142 	975.5	0.022933
0.262	0.838	0.0786	0.00257	1.0262	0.00113	40.916	5.24	0.0186879 	898.26	0.00427062
0.586	0.739	0.0492	0.004415	1.0739	0.00086	75.602	6.83	0.0106849 	1689.97	0.01633289
0.46	0.37	0.108	0.0023	1.037	0.0014	35.84	5.6	0.0266910 	203.1	0.0092776
0.262	0.874	0.2354	0.00131	1.0874	0.00257	17.228	7.28	0.0240233 	898.26	0.00427062
0.262	0.226	0.2354	0.00419	1.0262	0.00113	40.916	5.24	0.0186879 	898.26	0.00427062
0.226	0.298	0.2942	0.00113	1.0298	0.00311	13.844	5.36	0.0186879 	1129.98	0.00336026
0.262	0.226	0.2354	0.00131	1.0226	0.00257	71.372	5.24	0.0186879 	898.26	0.00427062
0.361	0.172	0.0737	0.001805	1.0172	0.001085	26.534	4.94	0.0173541 	569.99	0.01246386
0.442	0.766	0.0786	0.00221	1.0766	0.00113	34.148	6.92	0.0186879 	743.78	0.01428458
0.685	0.82	0.4755	0.003425	1.082	0.004775	56.99	7.1	0.0133526 	1844.45	0.01496735
0.262	0.226	0.2354	0.00131	1.0226	0.00419	40.916	5.24	0.0186879 	898.26	0.00427062
0.451	0.352	0.0933	0.002255	1.0352	0.001265	34.994	5.54	0.0226894 	280.34	0.00905001
0.946	0.442	0.0982	0.00473	1.0442	0.00131	81.524	5.84	0.0080172 	357.58	0.02156746
0.397	0.478	0.0884	0.000545	1.0397	0.00122	2.846	5.69	0.0213556 	29.31	0.00768447
0.433	0.316	0.0639	0.002165	1.0316	0.000995	33.302	5.42	0.0146864 	1207.22	0.00859483
0.433	0.316	0.3138	0.000995	1.0433	0.00158	11.306	5.81	0.0320263 	222.41	0.00859483
0.352	0.946	0.0884	0.00176	1.0946	0.00122	25.688	7.52	0.0293586 	318.96	0.00654652
0.271	0.892	0.2207	0.001355	1.0892	0.002435	18.074	7.34	0.0573692 	125.86	0.00449821
0.154	0.721	0.0688	0.004685	1.0721	0.00104	80.678	6.77	0.0160203 	1805.83	0.01587771
0.424	0.298	0.0492	0.00212	1.0298	0.00086	32.456	7.28	0.0293586 	164.48	0.00836724
0.343	0.964	0.1031	0.001715	1.0964	0.001355	24.842	7.58	0.0253571 	531.37	0.00062918
0.415	0.28	0.0345	0.00455	1.0415	0.0014	6.23	5.75	0.0266910 	106.55	0.00813965
0.748	0.154	0.4216	0.00374	1.0154	0.00428	62.912	7.04	0.0080172 	1632.04	0.01656048
0.262	0.226	0.2354	0.00131	1.0838	0.00113	40.916	5.24	0.0186879 	898.26	0.00427062
0.748	0.154	0.4216	0.00374	1.0154	0.00401	73.064	6.86	0.0080172 	1632.04	0.01656048
0.748	0.154	0.4216	0.00374	1.0154	0.00428	67.988	6.86	0.0080172 	1632.04	0.01656048
0.748	0.154	0.4216	0.00401	1.0748	0.00077	73.064	6.86	0.0080172 	1632.04	0.01656048
0.415	0.28	0.0345	0.002075	1.028	0.00455	6.23	5.75	0.0266910 	106.55	0.00813965
0.991	0.568	0.0247	0.004955	1.0568	0.000635	85.754	6.26	0.0040157 	512.06	0.02270541
0.748	0.154	0.4216	0.00374	1.0802	0.00077	73.064	6.86	0.0080172 	1632.04	0.01656048
0.415	0.28	0.0345	0.002075	1.091	0.0014	6.23	5.75	0.0266910 	106.55	0.00813965
0.748	0.154	0.3922	0.00428	1.0748	0.00077	73.064	6.86	0.0080172 	1632.04	0.01656048
0.946	0.442	0.0982	0.00473	1.0442	0.00131	81.524	5.84	0.0240233 	125.86	0.02156746
0.262	0.712	0.0786	0.00482	1.0712	0.00113	83.216	6.74	0.0186879 	1863.76	0.01565012
0.793	0.118	0.0296	0.003605	1.0793	0.00068	60.374	7.01	0.0053496 	1342.39	0.01769843
0.424	0.298	0.0492	0.00212	1.0298	0.00086	74.756	5.78	0.0293586 	164.48	0.00836724
0.793	0.136	0.0198	0.003605	1.0793	0.00068	60.374	7.01	0.0053496 	1342.39	0.01769843
0.433	0.658	0.1276	0.000995	1.0433	0.00158	11.306	5.81	0.0320263 	222.41	0.00859483
0.253	0.244	0.2501	0.001265	1.0244	0.002705	16.382	6.44	0.0213556 	956.19	0.00404303
0.721	0.208	0.4657	0.003605	1.0208	0.004685	60.374	5.06	0.0080172 	1805.83	0.01587771
0.793	0.136	0.3481	0.003965	1.0136	0.003605	67.142	4.76	0.0053496 	1342.39	0.01769843
1	0.55	0.01	0.005	1.055	5.00E-04	86.6	6.2	0.0000142 	1941	0.0115535
0.361	0.172	0.0737	0.001805	1.0172	0.001085	26.534	4.94	0.0173541 	1052.74	0.00677411
0.991	0.568	0.0247	0.004955	1.0568	0.000635	85.754	6.26	0.0346940 	67.93	0.02270541
0.253	0.244	0.2942	0.002705	1.0253	0.00122	43.454	5.21	0.0213556 	956.19	0.00404303
0.442	0.766	0.0786	0.00221	1.0766	0.00113	34.148	6.92	0.0186879 	1207.22	0.00882242
0.982	0.343	0.0296	0.001355	1.0343	0.00068	18.074	5.51	0.0053496 	376.89	0.00631893
0.802	0.154	0.3334	0.00401	1.0298	0.00077	57.836	7.04	0.0080172 	1284.46	0.01792602
0.748	0.802	0.0394	0.00428	1.0748	0.00077	73.064	6.86	0.0080172 	1632.04	0.01656048
0.802	0.154	0.3334	0.00401	1.0154	0.00149	57.836	7.04	0.0080172 	1284.46	0.01792602
0.253	0.244	0.2501	0.00311	1.0253	0.00122	43.454	5.21	0.0213556 	956.19	0.00404303
0.253	0.244	0.2501	0.001265	1.0244	0.002705	51.068	5.21	0.0213556 	956.19	0.00404303
0.253	0.244	0.2501	0.001265	1.0244	0.00311	43.454	5.21	0.0213556 	956.19	0.00404303
0.253	0.622	0.0884	0.002705	1.0253	0.00122	43.454	5.21	0.0213556 	956.19	0.00404303
0.442	0.334	0.0786	0.00221	1.0334	0.00113	34.148	5.48	0.0186879 	743.78	0.00882242
0.442	0.334	0.0786	0.00221	1.0334	0.00113	34.148	5.48	0.0186879 	743.78	0.00882242
0.802	0.154	0.3334	0.00401	1.0154	0.00347	20.612	7.04	0.0080172 	1284.46	0.01792602
0.478	0.397	0.0884	0.000545	1.0397	0.00122	2.846	5.69	0.0213556 	29.31	0.00768447
0.802	0.154	0.3334	0.00149	1.0802	0.00077	57.836	7.04	0.0080172 	1284.46	0.01792602
0.334	0.982	0.1178	0.00167	1.0982	0.00149	23.996	7.64	0.0293586 	512.06	0.00609134
0.334	0.982	0.1178	0.00167	1.0982	0.00149	23.996	7.64	0.0293586 	512.06	0.00609134
0.397	0.244	0.0149	0.001985	1.0244	0.000545	29.918	5.18	0.0560354 	29.31	0.00768447
0.253	0.244	0.2501	0.001265	1.0622	0.00122	43.454	5.21	0.0213556 	956.19	0.00404303
0.487	0.676	0.1521	0.002435	1.0676	0.001805	38.378	6.62	0.0240233 	569.99	0.00996037
0.64	0.37	0.402	0.0032	1.037	0.0041	52.76	5.6	0.0133526 	1554.8	0.0138294
0.406	0.262	0.0198	0.00203	1.0694	0.00131	3.692	5.72	0.0240233 	48.62	0.00791206
0.352	0.154	0.0884	0.00176	1.0154	0.00122	25.688	4.88	0.0213556 	550.68	0.01792602
0.406	0.262	0.0198	0.00347	1.0406	0.00131	3.692	5.72	0.0240233 	48.62	0.00791206
0.424	0.298	0.0492	0.00437	1.0424	0.00149	8.768	5.78	0.0293586 	164.48	0.00836724
0.451	0.748	0.0933	0.002255	1.0748	0.001265	34.994	6.86	0.0226894 	763.09	0.01974674
0.739	0.172	0.4363	0.003695	1.0586	0.00086	75.602	6.83	0.0106849 	1689.97	0.01633289
0.739	0.172	0.4363	0.003695	1.0172	0.00293	75.602	6.83	0.0106849 	1689.97	0.01633289
0.424	0.298	0.0492	0.00212	1.0298	0.00437	8.768	5.78	0.0293586 	164.48	0.00836724
0.739	0.172	0.4363	0.003695	1.0172	0.004415	47.684	6.83	0.0106849 	1689.97	0.01633289
0.739	0.172	0.4363	0.00293	1.0739	0.00086	75.602	6.83	0.0106849 	1689.97	0.01633289
0.406	0.262	0.0198	0.00203	1.0262	0.00347	3.692	5.72	0.0240233 	48.62	0.00791206
0.424	0.298	0.0492	0.00212	1.0874	0.00149	8.768	5.78	0.0293586 	164.48	0.00836724
0.406	0.856	0.0982	0.00266	1.0856	0.00131	42.608	7.22	0.0240233 	936.88	0.01929156
0.334	0.991	0.2648	0.000635	1.0991	0.00284	4.538	7.67	0.0693738 	67.93	0.02270541
0.244	0.262	0.2648	0.00122	1.0262	0.00284	15.536	5.72	0.0240233 	1014.12	0.00381544
0.739	0.172	0.4363	0.003695	1.0172	0.004415	62.066	6.32	0.0106849 	1689.97	0.01633289
0.802	0.154	0.1178	0.00347	1.0802	0.00077	57.836	7.04	0.0080172 	1284.46	0.01792602
0.802	0.748	0.0394	0.00428	1.0748	0.00077	73.064	6.86	0.0080172 	1632.04	0.01656048
0.325	1	0.1325	0.001625	1.1	0.001625	23.15	7.7	0.0333602 	492.75	0.0115535
0.802	0.154	0.3334	0.00401	1.0154	0.00347	67.988	5.36	0.0080172 	1284.46	0.01792602
0.244	0.262	0.2648	0.00203	1.0244	0.00131	45.992	5.18	0.0240233 	1014.12	0.00381544
0.802	0.298	0.0394	0.00347	1.0802	0.00077	57.836	7.04	0.0080172 	1284.46	0.01792602
0.244	0.262	0.2648	0.00122	1.0262	0.00203	45.992	5.18	0.0240233 	1014.12	0.00381544
0.244	0.262	0.2648	0.00122	1.0262	0.00284	30.764	5.18	0.0240233 	1014.12	0.00381544
0.244	0.262	0.2648	0.00122	1.0406	0.00131	45.992	5.18	0.0240233 	1014.12	0.00381544
0.739	0.172	0.2746	0.004415	1.0739	0.00086	75.602	6.83	0.0106849 	1689.97	0.01633289
0.433	0.316	0.0639	0.002165	1.0316	0.000995	33.302	6.56	0.0320263 	222.41	0.00859483
0.334	0.982	0.1178	0.00167	1.0982	0.00149	23.996	7.64	0.0346940 	434.82	0.00609134
0.19	0.865	0.108	0.002525	1.0865	0.0014	40.07	7.25	0.0266910 	878.95	0.01951915
0.244	0.262	0.1766	0.00284	1.0244	0.00131	45.992	5.18	0.0240233 	1014.12	0.00381544
0.163	0.424	0.3971	0.000815	1.0424	0.004055	7.922	5.78	0.0240233 	1535.49	0.00176713
0.694	0.406	0.0982	0.00059	1.0406	0.00131	3.692	5.72	0.0240233 	48.62	0.00791206
0.244	0.406	0.0982	0.00284	1.0244	0.00131	45.992	5.18	0.0240233 	1014.12	0.00381544
0.676	0.802	0.4608	0.00338	1.0802	0.00464	56.144	7.04	0.0186879 	1786.52	0.01473976
0.739	0.586	0.0492	0.004415	1.0739	0.00086	75.602	6.83	0.0106849 	1689.97	0.01633289
0.433	0.316	0.0639	0.002165	1.0316	0.000995	54.452	5.81	0.0320263 	222.41	0.00859483
0.397	0.244	0.0149	0.001985	1.0478	0.00122	2.846	5.69	0.0213556 	29.31	0.00768447
0.397	0.244	0.0149	0.00239	1.0397	0.00122	2.846	5.69	0.0213556 	29.31	0.00768447
0.91	0.73	0.157	0.00455	1.073	0.00185	78.14	6.8	0.0133526 	589.3	0.0206571
0.811	0.172	0.3187	0.004055	1.0514	0.00086	55.298	7.07	0.0106849 	1226.53	0.01815361
0.352	0.154	0.0884	0.00176	1.0154	0.00122	25.688	4.88	0.0213556 	1516.18	0.00654652
0.811	0.172	0.3187	0.004055	1.0172	0.00257	55.298	7.07	0.0106849 	1226.53	0.01815361
0.397	0.244	0.0149	0.001985	1.0244	0.00239	2.846	5.69	0.0213556 	29.31	0.00768447
0.811	0.172	0.3187	0.004055	1.0172	0.003335	40.916	7.07	0.0106849 	1226.53	0.01815361
0.226	0.874	0.1178	0.00239	1.0874	0.00149	37.532	7.28	0.0293586 	821.02	0.01974674
0.451	0.352	0.0933	0.002255	1.0352	0.001265	34.994	5.54	0.0226894 	763.09	0.00336026
0.73	0.19	0.451	0.00365	1.037	0.00095	78.14	6.8	0.0133526 	1747.9	0.0161053
0.73	0.82	0.059	0.0032	1.082	0.00095	52.76	7.1	0.0133526 	1168.6	0.0183812
0.73	0.19	0.451	0.00365	1.019	0.00185	78.14	6.8	0.0133526 	1747.9	0.0161053
0.811	0.172	0.3187	0.00257	1.0811	0.00086	55.298	7.07	0.0106849 	1226.53	0.01815361
0.316	0.982	0.1472	0.00158	1.0982	0.00176	22.304	7.64	0.0373617 	473.44	0.01701566
0.73	0.19	0.451	0.00365	1.019	0.00455	27.38	6.8	0.0133526 	1747.9	0.0161053
0.73	0.19	0.451	0.00185	1.073	0.00095	78.14	6.8	0.0133526 	1747.9	0.0161053
0.343	0.136	0.1031	0.001715	1.0136	0.001355	24.842	4.82	0.0253571 	531.37	0.02247782
0.451	0.748	0.0933	0.002255	1.0748	0.001265	34.994	6.86	0.0226894 	1670.66	0.00905001
0.478	0.703	0.0884	0.004955	1.0703	0.00122	85.754	6.71	0.0213556 	1921.69	0.01542253
0.235	0.28	0.2795	0.001175	1.019	0.0014	48.53	5.15	0.0266910 	1072.05	0.00358785
0.433	0.316	0.0639	0.00329	1.0433	0.00158	11.306	5.81	0.0320263 	222.41	0.00859483
0.235	0.28	0.2795	0.00095	1.0235	0.0014	48.53	5.15	0.0266910 	1072.05	0.00358785
0.235	0.28	0.2795	0.001175	1.028	0.00095	48.53	5.15	0.0266910 	1072.05	0.00358785
0.433	0.316	0.0639	0.002165	1.0316	0.00329	11.306	5.81	0.0320263 	222.41	0.00859483
0.811	0.172	0.2354	0.003335	1.0811	0.00086	55.298	7.07	0.0106849 	1226.53	0.01815361
0.442	0.334	0.1962	0.00113	1.0442	0.00167	13.844	5.84	0.0346940 	280.34	0.00882242
0.235	0.28	0.2795	0.001175	1.028	0.002975	10.46	5.15	0.0266910 	1072.05	0.00358785
0.46	0.73	0.108	0.0023	1.073	0.0014	35.84	6.8	0.0266910 	782.4	0.0206571
0.433	0.316	0.0639	0.002165	1.0658	0.00158	11.306	5.81	0.0320263 	222.41	0.00859483
0.235	0.28	0.2795	0.001175	1.028	0.002975	14.69	5	0.0266910 	1072.05	0.00358785
0.811	0.172	0.3187	0.004055	1.0172	0.003335	68.834	6.08	0.0106849 	1226.53	0.01815361
0.442	0.442	0.1374	0.00113	1.0442	0.00167	13.844	5.84	0.0346940 	280.34	0.00882242
0.442	0.442	0.1374	0.00113	1.0442	0.00167	13.844	5.84	0.0346940 	280.34	0.00882242
0.991	0.532	0.0247	0.004955	1.0532	0.000635	85.754	6.14	0.0040157 	1438.94	0.02270541
0.811	0.514	0.0492	0.003335	1.0811	0.00086	55.298	7.07	0.0106849 	1226.53	0.01815361
0.406	0.244	0.0982	0.00284	1.0244	0.00131	45.992	5.18	0.0240233 	1014.12	0.00381544
0.73	0.28	0.059	0.0023	1.028	0.00095	35.84	5.3	0.0133526 	782.4	0.0047258
0.73	0.19	0.451	0.00365	1.019	0.00455	61.22	5.6	0.0133526 	1747.9	0.0161053
0.307	0.964	0.1619	0.001535	1.0964	0.001895	21.458	7.58	0.0413632 	454.13	0.02247782
0.991	0.568	0.0247	0.004955	1.0568	0.000635	85.754	6.26	0.0040157 	1921.69	0.00609134
0.982	0.757	0.0296	0.004145	1.0757	0.00068	70.526	6.89	0.0053496 	1574.11	0.01678807
0.991	0.532	0.0247	0.004955	1.0532	0.000635	85.754	6.14	0.0040157 	1921.69	0.01701566
0.73	0.19	0.157	0.00455	1.073	0.00095	78.14	6.8	0.0133526 	1747.9	0.0161053
0.91	0.415	0.108	0.000725	1.0415	0.0014	6.23	5.75	0.0266910 	106.55	0.00813965
0.226	0.451	0.1472	0.001265	1.0451	0.00176	16.382	5.87	0.0373617 	338.27	0.00905001
0.235	0.19	0.108	0.002975	1.0235	0.0014	48.53	5.15	0.0266910 	1072.05	0.00358785
0.721	0.208	0.4657	0.003605	1.0208	0.00077	80.678	6.77	0.0160203 	1805.83	0.01587771
