####################################################################################################################################################
#General information
####################################################################################################################################################
Num_crops 3
Num_days_fertilization 50
Num_days_residure 100
####################################################################################################################################################
#Data of individual crops
####################################################################################################################################################
rice	4 0.8 62.8	28.5	164	0.3	0	0	0	0	260.8	0	173	0.5	0	0	0	0.5	40	5	250	0.3	0.5	12	1	0.09	139	164	281	0	0	0.7	0	0.3	0	0.4	0.3 1 1
wheat	4 0.8 55.5	25.9	325	0.3	0	0	0	0	170.1	0	55	0.5	0	0	0	0.5	70	10	250	0.3	0.5	12	1	0.09	0	75	130	288	315	0.7	0.4	0.3	0.1	0.3	0.3 0.9 0.2
forest	1 0.9 0	0	0	0	0	0	0	0	0	0	0	0	0	0	0	0	20	3	250	0.3	0.2	20	1	0.018	0	100	319	0	0	0.8	0.8	0.4	0.4	0.3	0.3 20 20