2018/8/15	0.027399033	0	0
2018/8/16	0.027399033	0	5.09999976
2018/8/17	0.161438275	0.011118364	95.0999976
2018/8/18	9.054728805	3.579975555	14.8000008
2018/8/19	1.078576733	0.582847305	0
2018/8/20	0.384863815	0.277226168	0
2018/8/21	0.181963734	0.187587828	0
2018/8/22	0.125898204	0.111205976	0
2018/8/23	0.100736975	0.075224185	0
2018/8/24	0.07769072	0.038533413	0
2018/8/25	0.07769072	0.027460092	0
2018/8/26	0.220843087	0.038533413	2.499999936
2018/8/27	0.242345396	0.050859563	0
2018/8/28	0.220843087	0.022611543	0
2018/8/29	0.180532122	0.017762994	0
2018/8/30	0.14308438	0	0.80000004
2018/8/31	0.108712029	0	0.80000004
2018/9/1	0.125898204	0	4.70000016
2018/9/2	0.515080605	0.032996753	0
2018/9/3	0.263847705	0.027460092	0
2018/9/4	0.108712029	0.017762994	0
2018/9/5	0.093201375	0.00962929	0
2018/9/6	0.050398421	0.006509868	1.2
2018/9/7	0.108712029	0.013696142	0.100000008
2018/9/8	0.108712029	0.001695223	0.80000004
2018/9/9	0.093201375	0	0.100000008
2018/9/10	0.070619899	0	0
2018/9/11	0.063549078	0	0
2018/9/12	0.050398421	0	0.80000004
2018/9/13	0.032857189	0	0.9
2018/9/14	0.038315345	0	0
2018/9/15	0.038315345	0	0
2018/9/16	0.040665044	0	0
2018/9/17	0.460321002	0.341471273	88.5
2018/9/18	0.433752349	0.139005137	0
2018/9/19	0.369843025	0.082782284	0
2018/9/20	0.357402861	0.111205976	6.6
2018/9/21	0.434028747	0.198626851	14.7
2018/9/22	0.407736492	0.166804299	0
2018/9/23	0.321256652	0.102765384	0
2018/9/24	0.263847705	0.054161708	0
2018/9/25	0.210592106	0.028148204	0.9
2018/9/26	0.14308438	0.001695223	0.7
2018/9/27	0.14308438	0	0
2018/9/28	0.134291376	0.00962929	0
2018/9/29	0.1171052	0.00962929	0.8
2018/9/30	0.108712029	0.011557172	0.8
2018/10/1	0.070619899	0.00962929	0
2018/10/2	0.050398421	0.003390446	0
2018/10/3	0.038315345	0.001196225	0
2018/10/4	0.032857189	0	0
2018/10/5	0.017785025	0	0
2018/10/6	0.017785025	0	0
2018/10/7	0.017785025	0	0
2018/10/8	0.017785025	0	0
2018/10/9	0.017785025	0	0
2018/10/10	0.017785025	0	0
2018/10/11	0.017785025	0	0
2018/10/12	0.017785025	0	0
2018/10/13	0.017785025	0	0
2018/10/14	0.009674862	0	5.4
2018/10/15	0.009674862	0	3.8
2018/10/16	0.050398421	0	1.1
2018/10/17	0.050398421	0	0
2018/10/18	0.038315345	0	0
2018/10/19	0.027399033	0	0
2018/10/20	0.017785025	0	0.8
2018/10/21	0.017785025	0	0.4
2018/10/22	0.027399033	0	3.1
2018/10/23	0.017785025	0	0
2018/10/24	0.017785025	0	0
2018/10/25	0.017785025	0	3.5
2018/10/26	0.027399033	0	0.2
2018/10/27	0.027399033	0	0
2018/10/28	0.027399033	0	0
2018/10/29	0.027399033	0	0
2018/10/30	0.017785025	0	0
2018/10/31	0.017785025	0	0
2018/11/1	0.017785025	0	0.8
2018/11/2	0.017785025	0	0
2018/11/3	0.017785025	0	0.8
2018/11/4	0.017785025	0	0
2018/11/5	0.017785025	0	0
2018/11/6	0.022592029	0	12.8
2018/11/7	0.14308438	0	22.4
2018/11/8	0.152261327	0	8.4
2018/11/9	0.108712029	0	0
2018/11/10	0.07769072	0	0
2018/11/11	0.056973749	0	0.3
2018/11/12	0.050398421	0	0
2018/11/13	0.050398421	0	0
2018/11/14	0.050398421	0	0.5
2018/11/15	0.050398421	0	0.4
2018/11/16	0.050398421	0	1.1
2018/11/17	0.050398421	0	2.7
2018/11/18	0.079555225	0	16.2
2018/11/19	0.063549078	0	0.1
2018/11/20	0.063549078	0	0
2018/11/21	0.07769072	0	1.2
2018/11/22	0.050398421	0	0
2018/11/23	0.063549078	0	0
2018/11/24	0.063549078	0	0
2018/11/25	0.063549078	0	0
2018/11/26	0.050398421	0	0
2018/11/27	0.050398421	0	0
2018/11/28	0.050398421	0	0.8
2018/11/29	0.050398421	0	0.8
2018/11/30	0.063549078	0	0
2018/12/1	0.063549078	0	0
2018/12/2	0.063549078	0	0.5
2018/12/3	0.063549078	0	10.9
2018/12/4	0.108712029	0	2.4
2018/12/5	0.108712029	0	9.1
2018/12/6	0.161438275	0	15.5
2018/12/7	0.263847705	0.038533413	4.7
2018/12/8	0.242017999	0.038533413	0
2018/12/9	0.220843087	0.038533413	1
2018/12/10	0.220843087	0.027460092	12.2
2018/12/11	0.309406628	0.038533413	5
2018/12/12	0.309406628	0.038533413	0
2018/12/13	0.309406628	0.038533413	0
2018/12/14	0.265124858	0.038533413	0
2018/12/15	0.268967492	0.038533413	0
2018/12/16	0.14308438	0.003390446	0.8
2018/12/17	0.14308438	0.006241528	0
2018/12/18	0.14308438	0.00962929	0
2018/12/19	0.14308438	0.00962929	4
2018/12/20	0.161808251	0.00962929	3.7
2018/12/21	0.14308438	0.00962929	0.8
2018/12/22	0.242345396	0.028148204	18.3
2018/12/23	0.181963734	0.028148204	0.2
2018/12/24	0.263847705	0.050859563	0
2018/12/25	0.242345396	0.044696488	5.9
2018/12/26	0.263847705	0.050859563	10.2
2018/12/27	0.309406628	0.078937969	0.9
2018/12/28	0.310625283	0.050859563	0
2018/12/29	0.309406628	0.071644014	0
2018/12/30	0.220843087	0.050859563	0.8
2018/12/31	0.220843087	0.038533413	2.7
2019/1/1	0.220843087	0.038533413	0.8
2019/1/2	0.220843087	0.017762994	0
2019/1/3	0.180532122	0.00962929	1.6
2019/1/4	0.263847705	0.050859563	8.6
2019/1/5	0.220843087	0.038533413	0.3
2019/1/6	0.220843087	0.038533413	0
2019/1/7	0.180532122	0.00962929	0.9
2019/1/8	0.180532122	0.006241528	0.5
2019/1/9	0.220843087	0.027460092	5.9
2019/1/10	0.357402861	0.050859563	13.8
2019/1/11	0.333404745	0.050859563	6.7
2019/1/12	0.309406628	0.094570741	0
2019/1/13	0.357402861	0.094570741	0
2019/1/14	0.309406628	0.050859563	0
2019/1/15	0.309406628	0.038533413	0.2
2019/1/16	0.263847705	0.038533413	0
2019/1/17	0.220843087	0.038533413	0
2019/1/18	0.220843087	0.017762994	0
2019/1/19	0.220843087	0.017762994	0
2019/1/20	0.220843087	0.017762994	0
2019/1/21	0.220843087	0.017762994	0
2019/1/22	0.242345396	0.013696142	0
2019/1/23	0.242017999	0.00962929	0
2019/1/24	0.200687605	0.006241528	0
2019/1/25	0.180532122	0.003390446	0
2019/1/26	0.180532122	0.003390446	0
2019/1/27	0.180532122	0	0
2019/1/28	0.180532122	0	3.5
2019/1/29	0.180532122	0	0.6
2019/1/30	0.14308438	0	4.4
2019/1/31	0.14308438	0	20
2019/2/1	0.309406628	0.06435006	0
2019/2/2	0.309406628	0.06435006	0
2019/2/3	0.263847705	0.050859563	4.1
2019/2/4	0.263847705	0.050859563	0
2019/2/5	0.263847705	0.050859563	0
2019/2/6	0.263847705	0.038533413	0
2019/2/7	0.220843087	0.038533413	3
2019/2/8	0.220843087	0.038533413	0.5
2019/2/9	0.220843087	0.038533413	0.5
2019/2/10	0.309406628	0.038533413	0.1
2019/2/11	0.309406628	0.06435006	6.8
2019/2/12	0.440677449	0.125750512	16.2
2019/2/13	0.631861501	0.187150965	22
2019/2/14	0.691774732	0.187150965	5.2
2019/2/15	0.788892283	0.220260977	3.2
2019/2/16	0.886009834	0.241910196	0.1
2019/2/17	0.460321002	0.147349793	0
2019/2/18	0.407736492	0.128808744	11.6
2019/2/19	0.886009834	0.230449402	4.8
2019/2/20	0.691774732	0.166804299	2.1
2019/2/21	0.57194827	0.147349793	3.4
2019/2/22	0.886009834	0.208371358	8.1
2019/2/23	0.723203009	0.166804299	0
2019/2/24	0.460321002	0.128808744	0
2019/2/25	0.519300352	0.122871134	0
2019/2/26	0.407736492	0.078937969	6
2019/2/27	0.407736492	0.078937969	5.7
2019/2/28	0.407736492	0.078937969	0.1
2019/3/1	0.407736492	0.128808744	2.6
2019/3/2	0.516134636	0.128808744	3.7
2019/3/3	0.407736492	0.111205976	0
2019/3/4	0.407736492	0.111205976	0
2019/3/5	0.357402861	0.06435006	8.3
2019/3/6	0.407736492	0.111205976	0
2019/3/7	0.382569677	0.078937969	0
2019/3/8	0.357402861	0.078937969	0
2019/3/9	0.263847705	0.038533413	0
2019/3/10	0.263847705	0.064898766	0
2019/3/11	0.263847705	0.038533413	0
2019/3/12	0.220843087	0.038533413	0
2019/3/13	0.180532122	0.028148204	0
2019/3/14	0.180532122	0.017762994	0
2019/3/15	0.180532122	0.028148204	0
2019/3/16	0.161808251	0.038533413	0
2019/3/17	0.14308438	0.00962929	0
2019/3/18	0.14308438	0.00962929	2.5
2019/3/19	0.14308438	0.00962929	0
2019/3/20	0.14308438	0.017762994	13.2
2019/3/21	0.108712029	0.027460092	0
2019/3/22	0.108712029	0.027460092	0
2019/3/23	0.108712029	0.00962929	0
2019/3/24	0.108712029	0.00962929	0
2019/3/25	0.108712029	0.00962929	0.2
2019/3/26	0.108712029	0.00962929	0
2019/3/27	0.108712029	0.00962929	0.8
2019/3/28	0.108712029	0.00962929	0.1
2019/3/29	0.108712029	0.00962929	0
2019/3/30	0.07769072	0.00962929	0
2019/3/31	0.050398421	0.00962929	0
2019/4/1	0.050398421	0.00962929	0
2019/4/2	0.050398421	0	0
2019/4/3	0.050398421	0	0
2019/4/4	0.050398421	0	0
2019/4/5	0.050398421	0	0
2019/4/6	0.050398421	0	0
2019/4/7	0.050398421	0	0
2019/4/8	0.038315345	0	0
2019/4/9	0.038315345	0	14.6
2019/4/10	0.050398421	0	0
2019/4/11	0.050398421	0	4
2019/4/12	0.050398421	0	0
2019/4/13	0.038898727	0	0
2019/4/14	0.027399033	0	0
2019/4/15	0.027399033	0	0
2019/4/16	0.027399033	0	0
2019/4/17	0.017785025	0	0
2019/4/18	0.017785025	0	0
2019/4/19	0.009674862	0	0
2019/4/20	0.009674862	0	0
2019/4/21	0.009674862	0	7.6
2019/4/22	0.009674862	0	2
2019/4/23	0.038898727	0	0.1
2019/4/24	0.038898727	0	0
2019/4/25	0.027399033	0	0
2019/4/26	0.027399033	0	0
2019/4/27	0.027399033	0	0
2019/4/28	0.009674862	0	1.4
2019/4/29	0.050398421	0	17.4
2019/4/30	0.050398421	0	0
2019/5/1	0.027399033	0	0
2019/5/2	0.027399033	0	0
2019/5/3	0.027399033	0	0
2019/5/4	0.017785025	0	0
2019/5/5	0.013729943	0	0
2019/5/6	0.009674862	0	0.4
2019/5/7	0.009674862	0	0
2019/5/8	0.009674862	0	0
2019/5/9	0.009674862	0	0
2019/5/10	0.009674862	0	0
2019/5/11	0.009674862	0	0
2019/5/12	0.009674862	0	0
2019/5/13	0.009674862	0	22.4
2019/5/14	0.009674862	0	0.1
2019/5/15	0.009674862	0	1.1
2019/5/16	0.009674862	0	0
2019/5/17	0.009674862	0	0.8
2019/5/18	0.009674862	0	0
2019/5/19	0.003418431	0	0.5
2019/5/20	0.003418431	0	0.6
2019/5/21	0.003418431	0	0
2019/5/22	0.003418431	0	0
2019/5/23	0.003418431	0	0
2019/5/24	0.003418431	0	0
2019/5/25	0.003418431	0	0
2019/5/26	0.752210425	0	50.8
2019/5/27	0.382569677	0	0
2019/5/28	0.289122974	0.094570741	0
2019/5/29	0.164777558	0.09629	0
2019/5/30	0.108712029	0.04815	5.9
2019/5/31	0.108712029	0	2.7
2019/6/1	0.079555225	0	0
2019/6/2	0.050398421	0	0.2
2019/6/3	0.050398421	0	0
2019/6/4	0.027399033	0	0
2019/6/5	0.009674862	0	0
2019/6/6	0.691046377	0.300214	67
2019/6/7	0.515080605	0.212237	0
2019/6/8	0.384863815	0.268221344	0
2019/6/9	0.161808251	0.050859563	0
2019/6/10	0.108712029	0.019266707	0
2019/6/11	0.07769072	0	0
2019/6/12	0.050398421	0	0
2019/6/13	0.050398421	0	0.9
2019/6/14	0.044356883	0	0
2019/6/15	0.044356883	0	0
2019/6/16	0.038315345	0	0
2019/6/17	0.044356883	0	10.2
2019/6/18	0.220843087	0	18.4
2019/6/19	0.220843087	0	0.8
2019/6/20	0.220843087	0.038533413	28.2
2019/6/21	2.347634904	0.032996753	33.6
2019/6/22	0.673165418	0.00962929	0
2019/6/23	0.460321002	1.335824903	0
2019/6/24	0.333404745	0.25337099	0
2019/6/25	0.220843087	0.078937969	0
2019/6/26	0.180532122	0.038533413	0
2019/6/27	0.180532122	0.027460092	0
2019/6/28	0.129111421	0.027460092	0
2019/6/29	0.180532122	0.015425269	14.9
2019/6/30	0.14308438	0	3.9
2019/7/1	0.108712029	0	18.1
2019/7/2	0.263847705	0	0.1
2019/7/3	0.220843087	0	0.8
2019/7/4	0.108712029	0	0
2019/7/5	0.07769072	0	0
2019/7/6	0.07769072	0	0.1
2019/7/7	0.050398421	0	0
2019/7/8	0.027399033	0	0
2019/7/9	0.027399033	0	12.6
2019/7/10	0.027399033	0	0
2019/7/11	0.027399033	0	0
2019/7/12	0.027399033	0	22.2
2019/7/13	0.027399033	0	1.4
2019/7/14	0.027399033	0	0
2019/7/15	0	0	0
2019/7/16	0	0	0
2019/7/17	0	0	0
2019/7/18	0	0	0
2019/7/19	0	0	0
2019/7/20	0	0	0
2019/7/21	0	0	0
2019/7/22	0	0	0
2019/7/23	0	0	0
2019/7/24	0	0	0
2019/7/25	0	0	0
2019/7/26	0	0	0
2019/7/27	0	0	0
2019/7/28	0	0	0
2019/7/29	0	0	0
2019/7/30	0	0	0
2019/7/31	0	0	0
2019/8/1	0	0	0
2019/8/2	0	0	0.1
2019/8/3	0	0	0
2019/8/4	0	0	0
2019/8/5	0	0	0
2019/8/6	0	0	0
2019/8/7	0	0	0
2019/8/8	0	0	0
2019/8/9	0	0	0
2019/8/10	0	0	29.7
2019/8/11	0	0	4.1
2019/8/12	0	0	0
2019/8/13	0	0	0
2019/8/14	0	0	0
2019/8/15	0	0	0
2019/8/16	0	0	0
2019/8/17	0	0	0
2019/8/18	0	0	0.3
2019/8/19	0	0	0
2019/8/20	0	0	0
2019/8/21	0	0	0
2019/8/22	0	0	0
2019/8/23	0	0	0
2019/8/24	0	0	0
2019/8/25	0	0	0
2019/8/26	0	0	0
2019/8/27	0	0	34.7
2019/8/28	0.050398421	0	7.5
2019/8/29	0.050398421	0	0.1
2019/8/30	0.050398421	0	0
2019/8/31	0.050398421	0	0
2019/9/1	0.050398421	0	1.3
2019/9/2	0.050398421	0	0.2
2019/9/3	0.027399033	0	9.5
2019/9/4	0.027399033	0	0
2019/9/5	0.027399033	0	0
2019/9/6	0.027399033	0	0
2019/9/7	0.027399033	0	0
2019/9/8	0.027399033	0	0
2019/9/9	0.027399033	0	0
2019/9/10	0.017785025	0	0.2
2019/9/11	0.017785025	0	0
2019/9/12	0.009674862	0	0
2019/9/13	0.009674862	0	0
2019/9/14	0.027399033	0	0
2019/9/15	0.027399033	0	0
2019/9/16	0.027399033	0	0
2019/9/17	0.027399033	0	0
2019/9/18	0.022592029	0	0
2019/9/19	0.017785025	0	0
2019/9/20	0.013729943	0	0
2019/9/21	0.009674862	0	0
2019/9/22	0.009674862	0	0
2019/9/23	0.009674862	0	0
2019/9/24	0.009674862	0	0
2019/9/25	0.009674862	0	0
2019/9/26	0.009674862	0	0
2019/9/27	0	0	0
2019/9/28	0	0	0
2019/9/29	0	0	0
2019/9/30	0.009674862	0	0
2019/10/1	0.009674862	0	0
2019/10/2	0.009674862	0	0
2019/10/3	0.009674862	0	0
2019/10/4	0.009674862	0	0
2019/10/5	0.009674862	0	3.9
2019/10/6	0.009674862	0	1.2
2019/10/7	0.017785025	0	0
2019/10/8	0.017785025	0	0.1
2019/10/9	0.017785025	0	0
2019/10/10	0.027399033	0	0
2019/10/11	0.027399033	0	0.5
2019/10/12	0.027399033	0	1.1
2019/10/13	0.027399033	0	0
2019/10/14	0.027399033	0	0
2019/10/15	0.027399033	0	0
2019/10/16	0.050398421	0	0
2019/10/17	0.050398421	0	0.2
2019/10/18	0.050398421	0	0
2019/10/19	0.027399033	0	0
2019/10/20	0.009674862	0	0
2019/10/21	0.009674862	0	0
2019/10/22	0.009674862	0	0
2019/10/23	0.009674862	0	0
2019/10/24	0.017785025	0	0
2019/10/25	0.017785025	0	0.1
2019/10/26	0.027399033	0	0
2019/10/27	0.017785025	0	0
2019/10/28	0.009674862	0	0
2019/10/29	0.009674862	0	0
2019/10/30	0.009674862	0	0
2019/10/31	0.009674862	0	0
2019/11/1	0.009674862	0	0
2019/11/2	0.003418431	0	0
2019/11/3	0.003418431	0	0
2019/11/4	0.003418431	0	0
2019/11/5	0.003418431	0	0
2019/11/6	0.003418431	0	0
2019/11/7	0.003418431	0	0
2019/11/8	0.003418431	0	0
2019/11/9	0.003418431	0	0
2019/11/10	0.003418431	0	0
2019/11/11	0.003418431	0	0
2019/11/12	0.003418431	0	0.4
2019/11/13	0.003418431	0	0.6
2019/11/14	0.003418431	0	0
2019/11/15	0.006546646	0	0
2019/11/16	0.003418431	0	0
2019/11/17	0.003418431	0	3.9
2019/11/18	0.11038755	0	11.7
2019/11/19	0.038898727	0	0
2019/11/20	0.009674862	0	0
2019/11/21	0.009674862	0	0
2019/11/22	0.009674862	0	0
2019/11/23	0.009674862	0	0
2019/11/24	0.009674862	0	0.9
2019/11/25	0.14308438	0	3.7
2019/11/26	0.14308438	0	1.8
2019/11/27	0.220843087	0	25.1
2019/11/28	0.220843087	0	0
2019/11/29	0.180532122	0	0
2019/11/30	0.180532122	0	2.8
2019/12/1	0.220843087	0	7.6
2019/12/2	0.220843087	0	0
2019/12/3	0.263847705	0	0
2019/12/4	0.222189914	0	0
2019/12/5	0.14308438	0	0
2019/12/6	0.14308438	0	0
2019/12/7	0.14308438	0	0
2019/12/8	0.14308438	0	0
2019/12/9	0.125498372	0	0
2019/12/10	0.125498372	0	0
2019/12/11	0.180532122	0	0
2019/12/12	0.108712029	0	0
2019/12/13	0.108712029	0	0
2019/12/14	0.108712029	0	0
2019/12/15	0.108712029	0	0
2019/12/16	0.108712029	0	0
2019/12/17	0.108712029	0	11.2
2019/12/18	0.108712029	0	8.8
2019/12/19	0.108712029	0	2.4
2019/12/20	0.108712029	0	0
2019/12/21	0.14308438	0	7
2019/12/22	0.161438275	0	4.4
2019/12/23	0.108712029	0	0.6
2019/12/24	0.108712029	0	0.3
2019/12/25	0.125498372	0	8.9
2019/12/26	0.125498372	0	0.9
2019/12/27	0.108712029	0	0
2019/12/28	0.050398421	0	0.3
2019/12/29	0.050398421	0	1.8
2019/12/30	0.050398421	0	0
2019/12/31	0.050398421	0	0
2020/1/1	0.050398421	0	0.2
2020/1/2	0.050398421	0	0.7
2020/1/3	0.108712029	0	0.4
2020/1/4	0.108712029	0	3.3
2020/1/5	0.027399033	0	0
2020/1/6	0.14308438	0	1.5
2020/1/7	0.14308438	0	7.9
2020/1/8	0.14308438	0	0
2020/1/9	0.161438275	0	1.3
2020/1/10	0.108712029	0	8.5
2020/1/11	0.108712029	0	3
2020/1/12	0.027399033	0	0.2
2020/1/13	0.027399033	0	0
2020/1/14	0.027399033	0	0
2020/1/15	0.050398421	0	1.2
2020/1/16	0.108712029	0	11.6
2020/1/17	0.108712029	0	0.1
2020/1/18	0.108712029	0	0
2020/1/19	0.108712029	0	0
2020/1/20	0.108712029	0	0
2020/1/21	0.108712029	0	1.6
2020/1/22	0.108712029	0	10.3
2020/1/23	0.07769072	0	0
2020/1/24	0.07769072	0	1.5
2020/1/25	0.07769072	0	1.7
2020/1/26	0.07769072	0	11.1
2020/1/27	0.07769072	0	11.6
2020/1/28	0.07769072	0	0.6
2020/1/29	0.07769072	0	0
2020/1/30	0.07769072	0	0
2020/1/31	0.07769072	0	0
2020/2/1	0.07769072	0	0
2020/2/2	0.07769072	0	0
2020/2/3	0.07769072	0	0
2020/2/4	0.07769072	0	0
2020/2/5	0.108712029	0	0
2020/2/6	0.108712029	0	5.2
2020/2/7	0.180532122	0	1.2
2020/2/8	0.108712029	0	0.1
2020/2/9	0.108712029	0	0
2020/2/10	0.108712029	0	0
2020/2/11	0.108712029	0	0.3
2020/2/12	0.108712029	0	0.1
2020/2/13	0.07769072	0	0
2020/2/14	0.07769072	0	0
2020/2/15	0.050398421	0	3.7
2020/2/16	0.050398421	0	5.1
2020/2/17	0.050398421	0	2.3
2020/2/18	0.050398421	0	0
2020/2/19	0.050398421	0	0
2020/2/20	0.050398421	0	0
2020/2/21	0.038315345	0	0
2020/2/22	0.038315345	0	0
2020/2/23	0.027399033	0	0
2020/2/24	0.027399033	0	0
2020/2/25	0.027399033	0	2.1
2020/2/26	0.027399033	0	0.1
2020/2/27	0.027399033	0	0
2020/2/28	0.027399033	0	4.8
2020/2/29	0.027399033	0	4.8
2020/3/1	0.027399033	0	0
2020/3/2	0.027399033	0	0
2020/3/3	0.027399033	0	0
2020/3/4	0.027399033	0	0
2020/3/5	0.027399033	0	0
2020/3/6	0.027399033	0	0
2020/3/7	0.027399033	0	0
2020/3/8	0.027399033	0	0.3
2020/3/9	0.050398421	0	5.8
2020/3/10	0.050398421	0	0.3
2020/3/11	0.050398421	0	0
2020/3/12	0.050398421	0	0
2020/3/13	0.050398421	0	0.1
2020/3/14	0.027399033	0	0
2020/3/15	0.027399033	0	0
2020/3/16	0.027399033	0	0
2020/3/17	0.027399033	0	0
2020/3/18	0.027399033	0	0
2020/3/19	0.027399033	0	0
2020/3/20	0.027399033	0	0
2020/3/21	0.052544877	0	9.9
2020/3/22	0.07769072	0	0.1
2020/3/23	0.064044571	0	0
2020/3/24	0.050398421	0	0
2020/3/25	0.220843087	0	4.1
2020/3/26	0.263847705	0	30.9
2020/3/27	0.263847705	0	3.5
2020/3/28	0.263847705	0	13.6
2020/3/29	0.263847705	0	22
2020/3/30	0.407736492	0	0.1
2020/3/31	0.407736492	0	7.5
2020/4/1	0.407736492	0	0.1
2020/4/2	0.309406628	0	0
2020/4/3	0.309406628	0	0
2020/4/4	0.263847705	0	0
2020/4/5	0.220843087	0	0
2020/4/6	0.180532122	0	0
2020/4/7	0.07769072	0	0
2020/4/8	0.07769072	0	0
2020/4/9	0.07769072	0	0
2020/4/10	0.050398421	0	0.4
2020/4/11	0.050398421	0	5.8
2020/4/12	0.027399033	0	0
2020/4/13	0.027399033	0	0
2020/4/14	0.027399033	0	0
2020/4/15	0.027399033	0	0
2020/4/16	0.027399033	0	0
2020/4/17	0.027399033	0	0
2020/4/18	0.050398421	0	27.7
2020/4/19	0.07769072	0	23.7
2020/4/20	0.050398421	0	1.2
2020/4/21	0.050398421	0	0
2020/4/22	0.050398421	0	0
2020/4/23	0.050398421	0	0
2020/4/24	0.050398421	0	0
2020/4/25	0.050398421	0	0
2020/4/26	0.050398421	0	0
2020/4/27	0.050398421	0	0
2020/4/28	0.050398421	0	0
2020/4/29	0.050398421	0	0
2020/4/30	0.027399033	0	0
2020/5/1	0.027399033	0	1.7
2020/5/2	0.027399033	0	0
2020/5/3	0.027399033	0	0
2020/5/4	0.050398421	0	0
2020/5/5	0.027399033	0	22.2
2020/5/6	0.027399033	0	0
2020/5/7	0.050398421	0	0.1
2020/5/8	0.050398421	0	14.3
2020/5/9	0.027399033	0	0
2020/5/10	0.027399033	0	0
2020/5/11	0.027399033	0	0
2020/5/12	0.027399033	0	0
2020/5/13	0.027399033	0	0
2020/5/14	0.209059329	0	62.9
2020/5/15	0.180532122	0	0
2020/5/16	0.14308438	0	0
2020/5/17	0.07769072	0	0
2020/5/18	0.07769072	0	0
2020/5/19	0.07769072	0	0
2020/5/20	0.07769072	0	0
2020/5/21	0.050398421	0	0
2020/5/22	0.050398421	0	0
2020/5/23	0.027399033	0	0
2020/5/24	0.027399033	0	0
2020/5/25	0.027399033	0	0.7
2020/5/26	0.009674862	0	1.3
2020/5/27	0.009674862	0	0
2020/5/28	0.009674862	0	0
2020/5/29	0.009674862	0	1.6
2020/5/30	0.009674862	0	0
2020/5/31	0.009674862	0	0
2020/6/1	0.009674862	0	0
2020/6/2	0.009674862	0	0
2020/6/3	0.009674862	0	0
2020/6/4	0.009674862	0	0
2020/6/5	0.009674862	0	9.6
2020/6/6	0.180532122	0	0
2020/6/7	0.14308438	0	0
2020/6/8	0.027399033	0	0
2020/6/9	0.027399033	0	0
2020/6/10	0.07769072	0	7.9
2020/6/11	0.07769072	0	0
2020/6/12	0.12412106	0	12.9
2020/6/13	3.356639462	0	89.7
2020/6/14	2.294339827	0	44.1
2020/6/15	1.61520953	0	16.6
2020/6/16	1.322940822	0	3.1
2020/6/17	0.754631285	0	1.2
2020/6/18	0.57194827	0	12.7
2020/6/19	0.515080605	0	0
2020/6/20	0.309406628	0	1.7
2020/6/21	1.918339242	0	51.1
2020/6/22	0.886009834	0	13.6
2020/6/23	4.966106899	0	22.2
2020/6/24	3.573606998	0	0.1
2020/6/25	1.065922935	0	0
2020/6/26	0.515080605	0	0
2020/6/27	0.320426562	0	3.9
2020/6/28	1.245836036	0	48.8
2020/6/29	1.245836036	0	6
2020/6/30	1.065922935	0	0
2020/7/1	0.357402861	0	0
2020/7/2	0.180532122	0	5
2020/7/3	0.263847705	0	0.1
2020/7/4	0.14308438	0	0
2020/7/5	0.220843087	0	10.6
2020/7/6	0.220843087	0	3.7
2020/7/7	0.309406628	0	0
2020/7/8	0.57194827	0	0
2020/7/9	0.691774732	0	0
2020/7/10	0.886009834	0	0
2020/7/11	0.954454563	0	31.6
2020/7/12	2.181695502	0	1.7
2020/7/13	2.976336283	0	3.5
2020/7/14	3.860389086	0	0
2020/7/15	6.764721161	0	40.4
2020/7/16	10.71335463	0	33.4
2020/7/17	14.13394862	0	9.5
2020/7/18	26.5101412	0	105.6
2020/7/19	0	0	178.1
2020/7/20	0	0	0.3
2020/7/21	0	0	0
2020/7/22	65.93017437	0	0
2020/7/23	64.34237675	0	0
2020/7/24	59.31453157	0	53.4
2020/7/25	57.434508	0	1
2020/7/26	56.69083462	0	21
2020/7/27	55.58424179	0	16.9
2020/7/28	55.58424179	0	9.7
2020/7/29	53.76366222	0	0
2020/7/30	51.97269991	0	3.3
2020/7/31	50.21128689	0	0.4
2020/8/1	49.51498054	0	0.2
2020/8/2	47.45432334	0	0
2020/8/3	45.10368742	0	0
2020/8/4	42.81046774	0	0
2020/8/5	40.25974469	0	0
2020/8/6	38.39564175	0	0
2020/8/7	36.573387	0	0
2020/8/8	34.20866762	0	0
2020/8/9	31.35690856	0	2.2
2020/8/10	29.15862559	0	4.2
2020/8/11	29.15862559	0	0.1
2020/8/12	27.03639637	0	0
2020/8/13	24.73203932	0	0
2020/8/14	23.49337088	0	0
2020/8/15	22.04490969	0	0
2020/8/16	20.637844	0	0
2020/8/17	18.82618881	0	0
2020/8/18	17.73133823	0	0
2020/8/19	14.620032	0	0
2020/8/20	14.22488624	0	11.4
2020/8/21	13.06737292	0	11.6
2020/8/22	12.31903362	0	0
2020/8/23	12.31903362	0	0
2020/8/24	8.382240666	0	0
2020/8/25	7.161436214	0	0
2020/8/26	6.580377449	0	4.3
2020/8/27	4.956932081	0	0
2020/8/28	4.214113387	0	0.3
2020/8/29	3.976971802	0	0
2020/8/30	3.297619302	0	0
2020/8/31	2.088907986	0	0
2020/9/1	2.371702307	0	0.2
2020/9/2	1.90783133	0	0
2020/9/3	1.819570953	0	0
2020/9/4	1.096684358	0	0
2020/9/5	0.886009834	0	0
2020/9/6	0.460321002	0	0
2020/9/7	0.263847705	0	0
2020/9/8	0	0	0
2020/9/9	0	0	0
2020/9/10	0	0	4
2020/9/11	0	0	0.2
2020/9/12	0	0	0
2020/9/13	0	0	0
2020/9/14	0	0	0
2020/9/15	0	0	13.3
2020/9/16	0	0	0.5
2020/9/17	0	0	37.2
2020/9/18	0	0	0.1
2020/9/19	0.180532122	0	0
2020/9/20	0.180532122	0	0
2020/9/21	0.263847705	0	1.4
2020/9/22	0.263847705	0	3.6
2020/9/23	0.263847705	0	6.8
2020/9/24	0.263847705	0	0
2020/9/25	0.309406628	0	0
2020/9/26	0.309406628	0	0
2020/9/27	0.309406628	0	0
2020/9/28	0.263847705	0	0
2020/9/29	0.263847705	0	0.1
2020/9/30	0.263847705	0	0
2020/10/1	0.263847705	0	0
2020/10/2	0.309406628	0	0.9
2020/10/3	0.57194827	0	39.9
2020/10/4	0.630864213	0	6.4
2020/10/5	0.515080605	0	0.2
2020/10/6	0.407736492	0	2.3
2020/10/7	0.309406628	0	0.5
2020/10/8	0.309406628	0	0
2020/10/9	0.309406628	0	0
2020/10/10	0.309406628	0	0
2020/10/11	0.309406628	0	0
2020/10/12	0.309406628	0	0
2020/10/13	0.309406628	0	0
2020/10/14	0.263847705	0	0
2020/10/15	0.263847705	0	14.4
2020/10/16	0.263847705	0	8.6
2020/10/17	0.57194827	0	0.2
2020/10/18	0.309406628	0	0
2020/10/19	0.309406628	0	0
2020/10/20	0.309406628	0	0
2020/10/21	0.460321002	0	4
2020/10/22	0.407736492	0	0
2020/10/23	0.407736492	0	0
2020/10/24	0.407736492	0	0
2020/10/25	0.357402861	0	0
2020/10/26	0.357402861	0	0
2020/10/27	0.309406628	0	0
2020/10/28	0.309406628	0	0
2020/10/29	0.263847705	0	0
2020/10/30	0.263847705	0	0
2020/10/31	0.263847705	0	0
2020/11/1	0.263847705	0	0
2020/11/2	0.263847705	0	0
2020/11/3	0.263847705	0	0
2020/11/4	0.263847705	0	0
2020/11/5	0.180532122	0	0
2020/11/6	0.180532122	0	0
2020/11/7	0.180532122	0	0
2020/11/8	0.180532122	0	0
2020/11/9	0.180532122	0	0
2020/11/10	0.180532122	0	0
2020/11/11	0.180532122	0	0
2020/11/12	0.180532122	0	0
2020/11/13	0.108712029	0	0
2020/11/14	0.108712029	0	0
2020/11/15	0.07769072	0	0
2020/11/16	0.07769072	0	0
2020/11/17	0.07769072	0	6.4
2020/11/18	0.07769072	0	0
2020/11/19	0.108712029	0	0
2020/11/20	0.050398421	0	0
2020/11/21	0.050398421	0	0
2020/11/22	0.050398421	0	0
2020/11/23	0.050398421	0	4.2
2020/11/24	0.050398421	0	3.8
2020/11/25	0.027399033	0	28.7
2020/11/26	0.07769072	0	2
2020/11/27	0.14308438	0	0.3
2020/11/28	0.180532122	0	0
2020/11/29	0.07769072	0	0
2020/11/30	0.07769072	0	0
2020/12/1	0.050398421	0	0.2
2020/12/2	0.027399033	0	1
2020/12/3	0.027399033	0	0
2020/12/4	0.027399033	0	0
2020/12/5	0.027399033	0	0
2020/12/6	0.027399033	0	0.5
2020/12/7	0.027399033	0	1.8
2020/12/8	0.009674862	0	1.1
2020/12/9	0.009674862	0	0
2020/12/10	0.009674862	0	0
2020/12/11	0.009674862	0	0
2020/12/12	0.009674862	0	0
2020/12/13	0.009674862	0	0
2020/12/14	0.009674862	0	0
2020/12/15	0.009674862	0	0
2020/12/16	0.009674862	0	0.9
2020/12/17	0.009674862	0	3.2
2020/12/18	0.009674862	0	0.3
2020/12/19	0.009674862	0	0
2020/12/20	0.009674862	0	0
2020/12/21	0.009674862	0	0
2020/12/22	0.009674862	0	0
2020/12/23	0.009674862	0	0
2020/12/24	0.009674862	0	0
2020/12/25	0.009674862	0	0
2020/12/26	0.009674862	0	0
2020/12/27	0.009674862	0	2.2
2020/12/28	0.009674862	0	0
2020/12/29	0.009674862	0	4.8
2020/12/30	0.009674862	0	0.1
2020/12/31	0.009674862	0	0.2
2021/1/1	0.009674862	0	0.6
2021/1/2	0.009674862	0	0.8
2021/1/3	0.009674862	0	0
2021/1/4	0.009674862	0	0
2021/1/5	0.009674862	0	0.1
2021/1/6	0.009674862	0	0
2021/1/7	0.009674862	0	0
2021/1/8	0.009674862	0	0
2021/1/9	0.009674862	0	0
2021/1/10	0.009674862	0	0
2021/1/11	0.009674862	0	0
2021/1/12	0.009674862	0	0
2021/1/13	0.009674862	0	0
2021/1/14	0.009674862	0	0
2021/1/15	0.009674862	0	0
2021/1/16	0.009674862	0	0
2021/1/17	0.009674862	0	0
2021/1/18	0.009674862	0	0
2021/1/19	0.003418431	0	0
2021/1/20	0.003418431	0	0
2021/1/21	0.003418431	0	3.6
2021/1/22	0.003418431	0	5.9
2021/1/23	0.003418431	0	7.3
2021/1/24	0.003418431	0	0
2021/1/25	0.003418431	0	3.6
2021/1/26	0.003418431	0	0.1
2021/1/27	0.003418431	0	2.5
2021/1/28	0.003418431	0	0.1
2021/1/29	0.003418431	0	0
2021/1/30	0.003418431	0	0
2021/1/31	0.003418431	0	6
2021/2/1	0.003418431	0	1.8
2021/2/2	0.003418431	0	0
2021/2/3	0.003418431	0	0
2021/2/4	0.003418431	0	0.2
2021/2/5	0.003418431	0	7.5
2021/2/6	0.003418431	0	0
2021/2/7	0.003418431	0	0
2021/2/8	0.003418431	0	0.3
2021/2/9	0.003418431	0	0
2021/2/10	0.027399033	0	0
2021/2/11	0.009674862	0	1
2021/2/12	0.009674862	0	0
2021/2/13	0.009674862	0	0
2021/2/14	0.009674862	0	0
2021/2/15	0.003418431	0	0
2021/2/16	0.003418431	0	0
2021/2/17	0.003418431	0	0
2021/2/18	0.003418431	0	0
2021/2/19	0.003418431	0	0
2021/2/20	0	0	0
2021/2/21	0	0	0
2021/2/22	0	0	0
2021/2/23	0	0	0
2021/2/24	0	0	0
2021/2/25	0.027399033	0	17.7
2021/2/26	0.027399033	0	16
2021/2/27	0.027399033	0	5
2021/2/28	0.027399033	0	2.7
2021/3/1	0.027399033	0	10.6
2021/3/2	0.027399033	0	0
2021/3/3	0.108712029	0	0
2021/3/4	0.027399033	0	0
2021/3/5	0.027399033	0	6.6
2021/3/6	0.027399033	0	2.5
2021/3/7	0.050398421	0	0.7
2021/3/8	0.050398421	0	6.9
2021/3/9	0.050398421	0	1.2
2021/3/10	0.050398421	0	0.1
2021/3/11	0.07769072	0	6.3
2021/3/12	0.07769072	0	0
2021/3/13	0.050398421	0	0
2021/3/14	0.050398421	0	0
2021/3/15	0.050398421	0	4.5
2021/3/16	0.027399033	0	0
2021/3/17	0.027399033	0	0.9
2021/3/18	0.009674862	0	2.2
2021/3/19	0.57194827	0	33
2021/3/20	0.515080605	0	3.8
2021/3/21	0.515080605	0	0
2021/3/22	0.407736492	0	0
2021/3/23	0.180532122	0	0
2021/3/24	0.180532122	0	0
2021/3/25	0.14308438	0	0.2
2021/3/26	0.108712029	0	4.6
2021/3/27	0.108712029	0	6.8
2021/3/28	0.050398421	0	0
2021/3/29	0.050398421	0	0
2021/3/30	0.027399033	0	0
2021/3/31	0.07769072	0	4.6
2021/4/1	0.07769072	0	4.1
2021/4/2	0.108712029	0	0.1
2021/4/3	0.07769072	0	1.6
2021/4/4	0.050398421	0	0
2021/4/5	0.050398421	0	0
2021/4/6	0.050398421	0	0
2021/4/7	0.050398421	0	10.4
2021/4/8	0.050398421	0	0.3
2021/4/9	0.07769072	0	0
2021/4/10	0.050398421	0	0
2021/4/11	0.050398421	0	0
2021/4/12	0.050398421	0	0.1
2021/4/13	0.027399033	0	0
2021/4/14	0.027399033	0	0
2021/4/15	0.009674862	0	0
2021/4/16	0.009674862	0	0
2021/4/17	0.009674862	0	0
2021/4/18	0.009674862	0	0
2021/4/19	0.009674862	0	0
2021/4/20	0	0	0.9
2021/4/21	0	0	2.7
2021/4/22	0	0	1
2021/4/23	0.027399033	0	0
2021/4/24	0.009674862	0	0
2021/4/25	0.009674862	0	0.3
2021/4/26	0.009674862	0	7.7
2021/4/27	0.027399033	0	6.5
2021/4/28	0.027399033	0	0
2021/4/29	0.027399033	0	0
2021/4/30	0.009674862	0	1.4
2021/5/1	0.009674862	0	0
2021/5/2	0.009674862	0	0
2021/5/3	0.009674862	0	7.6
2021/5/4	0.027399033	0	4.1
2021/5/5	0.009674862	0	0
2021/5/6	0.009674862	0	0
2021/5/7	0.009674862	0	0
2021/5/8	0.009674862	0	0
2021/5/9	0.009674862	0	0
2021/5/10	0.009674862	0	0
2021/5/11	0.108712029	0.01057672	0.3
2021/5/12	0.009674862	0.003390446	0
2021/5/13	0.009674862	0.003390446	3.1
2021/5/14	0.009674862	0.003390446	1.2
2021/5/15	0.050398421	0.003390446	11.4
2021/5/16	0.309406628	0.139005137	23.3
2021/5/17	0.309406628	0.094570741	3.2
2021/5/18	0.14308438	0.017762994	0
2021/5/19	0.220843087	0.038533413	14
2021/5/20	0.220843087	0.078937969	0
2021/5/21	0.220843087	0.078937969	0
2021/5/22	0.108712029	0.017762994	1.5
2021/5/23	0.108712029	0.017762994	2.2
2021/5/24	0.07769072	0.017762994	0
2021/5/25	1.024689893	0.017762994	0
2021/5/26	1.024689893	0.411519572	46.7
2021/5/27	0.515080605	0.166804299	0.1
2021/5/28	0.220843087	0.078937969	0
2021/5/29	0.14308438	0.078937969	0
2021/5/30	0.108712029	0.017762994	0
2021/5/31	0.050398421	0.017762994	0
2021/6/1	0.027399033	0.017762994	0
2021/6/2	0.009779217	0.00962929	0
2021/6/3	0.009779217	0.078937969	31.6
2021/6/4	0.009779217	0.038533413	0
2021/6/5	0.009779217	0.038533413	0
2021/6/6	0.009779217	0.00962929	0
2021/6/7	0.009779217	0.00962929	0
2021/6/8	0.009779217	0.00962929	0
2021/6/9	0.009779217	0.003390446	0
2021/6/10	0.009779217	0.003390446	1.1
2021/6/11	0.009779217	0.003390446	0
2021/6/12	0.009779217	0.00962929	13.3
2021/6/13	0.467586626	0.52051112	24.3
2021/6/14	0.467586626	0.166804299	0.1
2021/6/15	0.467586626	0.166804299	30.3
2021/6/16	3.983161646	1.888856579	28.5
2021/6/17	4.732051891	1.774871444	2
2021/6/18	1.019812353	0.340171609	3.3
2021/6/19	0.768080764	0.198626851	0.9
2021/6/20	0.611519613	0.147349793	0
2021/6/21	0.267577073	0.06435006	0
2021/6/22	0.223872979	0.06435006	0
2021/6/23	0.144928276	0.050859563	0
2021/6/24	0.110067534	0.038533413	0
2021/6/25	0.027706134	0.027460092	10.1
2021/6/26	0.184400628	0.050859563	12.8
2021/6/27	0.362750048	0.21941038	21
2021/6/28	0.223872979	0.147349793	0.1
2021/6/29	0.182933874	0.050859563	0
2021/6/30	0.078626872	0.038533413	0
2021/7/1	0.050984535	0.017762994	0
2021/7/2	0.245725026	0.147349793	13.5
2021/7/3	0.768080764	0.591175419	9.1
2021/7/4	2.635584	0.6239232	72.8
2021/7/5	1.953220685	0.6239232	6.2
2021/7/6	1.598846512	0.465870899	0
2021/7/7	0.641595273	0.187150965	3.7
2021/7/8	3.980973964	1.374600102	18.8
2021/7/9	3.682608218	0.677348637	0
2021/7/10	1.05293449	0.354851481	0
2021/7/11	0.41400464	0.139005137	0
2021/7/12	0.467586626	0.06435006	0
2021/7/13	0.267577073	0.038533413	0
2021/7/14	0.144928276	0.038533413	0.3
2021/7/15	0.050984535	0.017762994	0
2021/7/16	0.050984535	0.00962929	0.1
2021/7/17	0.902517154	0.559941479	44.4
2021/7/18	1.271543941	0.327480121	4.2
2021/7/19	1.684945954	0.564485983	0
2021/7/20	0.581443953	0.187150965	0
2021/7/21	0.345729803	0.128808744	0
2021/7/22	0.184400628	0.078937969	0
2021/7/23	0.144928276	0.050859563	0
2021/7/24	0.144928276	0.017762994	0.3
2021/7/25	0.050984535	0.003390446	3.7
2021/7/26	0.050984535	0.050859563	7.5
2021/7/27	1.3035219	0.198626851	77.9
2021/7/28	4.553779194	0.917202736	5.9
2021/7/29	1.598846512	0.380241903	0.1
2021/7/30	0.902517154	0.166804299	0
2021/7/31	0.467586626	0.094570741	0
2021/8/1	0.467586626	0.094570741	0
2021/8/2	0.223872979	0.017762994	0
2021/8/3	0.144928276	0.017762994	0.2
2021/8/4	0.027706134	0.017762994	0
2021/8/5	0.027706134	0.003390446	0
2021/8/6	0.027706134	0.003390446	0
2021/8/7	0.027706134	0.003390446	0
2021/8/8	0.027706134	0.003390446	0
2021/8/9	0.009779217	0.003390446	0
2021/8/10	0.009779217	0.003390446	1.4
2021/8/11	0.009779217	0.003390446	4
2021/8/12	0.009779217	0.027460092	16
2021/8/13	0.027706134	0.017762994	47.4
2021/8/14	0.313908	0.050859563	6
2021/8/15	0.41400464	0.038533413	2.4
2021/8/16	2.855911233	0.038533413	20
2021/8/17	0.267577073	0.050859563	0
2021/8/18	0.223872979	0.027460092	0
2021/8/19	0.078626872	0.017762994	0
2021/8/20	0.050984535	0.017762994	0.9
2021/8/21	0.027706134	0.017762994	0.1
2021/8/22	0.027706134	0.017762994	0
2021/8/23	0.027706134	0.017762994	9.6
2021/8/24	0.027706134	0.003390446	24.5
2021/8/25	0.027706134	0.027460092	0.2
2021/8/26	0.050984535	0.017762994	11.6
2021/8/27	0.050984535	0.017762994	0
2021/8/28	0.097956406	0.00962929	0
2021/8/29	0.110067534	0.00962929	0
2021/8/30	0.110067534	0.00962929	0
2021/8/31	0.267577073	0.017762994	0
2021/9/1	0.313908	0.003390446	0
2021/9/2	0.313908	0.003390446	0
2021/9/3	0.223872979	0.003390446	0
2021/9/4	0.223872979	0.003390446	0
2021/9/5	0.110067534	0.003390446	0
2021/9/6	0.110067534	0.003390446	0
2021/9/7	0.223872979	0.003390446	0
2021/9/8	0.223872979	0.017762994	0
2021/9/9	0.223872979	0.003390446	0
2021/9/10	0.223872979	0.003390446	0
2021/9/11	0.223872979	0	0
2021/9/12	0.223872979	0	0
2021/9/13	0.223872979	0	1.9
2021/9/14	0.182933874	0	0
2021/9/15	0.182933874	0	0
2021/9/16	0.110067534	0	0
2021/9/17	0.110067534	0	0
2021/9/18	0.110067534	0	0
2021/9/19	0.110067534	0	0
2021/9/20	0.110067534	0	42.5
2021/9/21	0.110067534	0	0
2021/9/22	0.110067534	0	0
2021/9/23	0.110067534	0	0
2021/9/24	0.110067534	0	0
2021/9/25	0.182933874	0	0
2021/9/26	0.182933874	0	0
2021/9/27	0.182933874	0	0
2021/9/28	0.182933874	0	26.2
2021/9/29	0.581443953	0.128808744	19.7
2021/9/30	0.362750048	0.06435006	0.1
2021/10/1	0.362750048	0.038533413	0
2021/10/2	0.523421609	0.147349793	0.1
2021/10/3	0.267577073	0.050859563	0
2021/10/4	0.182933874	0.017762994	0
2021/10/5	0.182933874	0	0
2021/10/6	0.182933874	0	0.1
2021/10/7	0.182933874	0	0
2021/10/8	0.182933874	0	0
2021/10/9	0.182933874	0	0.1
2021/10/10	0.182933874	0	3.5
2021/10/11	0.313908	0	3.5
2021/10/12	0.313908	0	0
2021/10/13	0.313908	0	0.1
2021/10/14	0.313908	0	3.2
2021/10/15	0.313908	0	19.7
2021/10/16	0.641595273	0.017762994	24.4
2021/10/17	0.581443953	0.017762994	0
2021/10/18	0.41400464	0.017762994	0.1
2021/10/19	0.41400464	0.017762994	0
2021/10/20	0.41400464	0.017762994	13.8
2021/10/21	0.581443953	0.078937969	0.2
2021/10/22	0.467586626	0.027460092	0
2021/10/23	0.467586626	0.027460092	0.1
2021/10/24	0.313908	0.017762994	0
2021/10/25	0.313908	0.017762994	0
2021/10/26	0.223872979	0.017762994	0
2021/10/27	0.223872979	0.00962929	0.2
2021/10/28	0.223872979	0.00962929	0.1
2021/10/29	0.223872979	0.00962929	0
2021/10/30	0.182933874	0.00962929	0
2021/10/31	0.182933874	0.00962929	0
2021/11/1	0.182933874	0.00962929	0
2021/11/2	0.182933874	0	0
2021/11/3	0.182933874	0	0
2021/11/4	0.182933874	0	0
2021/11/5	0.223872979	0.00962929	17.2
2021/11/6	0.223872979	0.003390446	0.2
2021/11/7	0.313908	0.00962929	2.8
2021/11/8	0.313908	0.017762994	0.1
2021/11/9	0.223872979	0.00962929	0.1
2021/11/10	0.223872979	0.003390446	0.1
2021/11/11	0.223872979	0.003390446	0
2021/11/12	0.313908	0.003390446	3.4
2021/11/13	0.313908	0.003390446	0
2021/11/14	0.267577073	0	0
2021/11/15	0.267577073	0	0
2021/11/16	0.267577073	0	0
2021/11/17	0.313908	0	0
2021/11/18	0.313908	0	0
2021/11/19	0.248420937	0	0
2021/11/20	0.182933874	0	1.5
2021/11/21	0.182933874	0	5.2
2021/11/22	0.182933874	0	0.1
2021/11/23	0.223872979	0	0
2021/11/24	0.313908	0	0
2021/11/25	0.267577073	0.003390446	0
2021/11/26	0.267577073	0.003390446	0
2021/11/27	0.267577073	0	0
2021/11/28	0.267577073	0	0
2021/11/29	0.267577073	0	0
2021/11/30	0.267577073	0	0
2021/12/1	0.144928276	0	0
2021/12/2	0.144928276	0	0
2021/12/3	0.267577073	0	0
2021/12/4	0.267577073	0	0
2021/12/5	0.267577073	0	0
2021/12/6	0.267577073	0	0
2021/12/7	0.267577073	0	0
2021/12/8	0.182933874	0	0
2021/12/9	0.110067534	0	0
2021/12/10	0.110067534	0	0
2021/12/11	0.110067534	0	0.8
2021/12/12	0.267577073	0	7
2021/12/13	0.267577073	0	0
2021/12/14	0.267577073	0	0
2021/12/15	0.267577073	0	0
2021/12/16	0.144928276	0	1.6
2021/12/17	0.144928276	0	0
2021/12/18	0.144928276	0	0
2021/12/19	0.144928276	0	0
2021/12/20	0.144928276	0	0
2021/12/21	0.313908	0.00962929	0
2021/12/22	0.267577073	0.003390446	0
2021/12/23	0.182933874	0.003390446	0
2021/12/24	0.182933874	0.003390446	0.2
2021/12/25	0.144928276	0.003390446	0.1
2021/12/26	0.144928276	0	0
2021/12/27	0.144928276	0	0
2021/12/28	0.144928276	0	0
2021/12/29	0.144928276	0	0
2021/12/30	0.144928276	0	0
2021/12/31	0.144928276	0	0