#Parameters values setting, icluding paramters dependent on landuse, river, etc.
#######################################################################
#General parameters:                                                  
#######################################################################
petam 0.25
petph 180
surobeta 0.8
surocc 0.80
sorocc 0.16
gwdelay 3500
gwrc 0.88
deepmem	1000
sopetdis 5
wpet 0.15
#######################################################################
#Landuse dependent: forest;dryland;urban;paddy;water
#######################################################################
petcoef 0.2 0.1 0.05 0.1 0.5
iceptmax 1.8 0.3 2.0 0.3 0.
sosfmem	25 25 25 25 25					
depthrel 2.1 2.1 2.1 2.1 2.1	
stempre1 0.5 0.5 0.5 0.5 0.5
stempre2 5 5 5 5 5
stempt 1 1 1 1 1
suroroute 0.73 2.59 2.96 2.59 2.8
#######################################################################
#Soil dependent, 7 for tyh
#######################################################################
wp1	0.081	0.092	0.14 0.09	0.091	0.083	0.
wp2	0. 0.078	0.137	0.087	0.127	0.168	0.
wp3 0 0 0 0 0 0 0
awc1 0.101 0.087 0.11 0.11 0.083 0.085 0.
awc2 0. 0.073	0.097	0.097	0.082	0.082	0.
awc3 0 0 0 0 0 0 0
macro 0.2 0.018 0.018 0.018 0.2 0.2 0.018
sorocc1 0.011 0.011 0.011 0.011 0.011 0.011 0.011
sorocc2 0.09 0.09 0.99 0.09 0.09 0.09 0.09
sorocc3 1e-04 1e-04 1e-04 1e-04 1e-04 1e-04 1e-04
adhc 0.98 0.98 0.98 0.98 0.98 0.98 0.98
b 0.01 0.01 0.01 0.01 0.01 0.01 0.01
bf 0.01 0.01 0.01 0.01 0.01 0.01 0.01