date	1	2	3	4	5
2016-01-01	0	0	0	0	0
2016-01-02	0	0	0	0	0
2016-01-03	29.0000016	18	19.9999992	19.0000008	35.0000016
2016-01-04	0.500000016	0	0	0.100000008	0
2016-01-05	13.5	12.3	12.3	14.90000016	12.3
2016-01-06	0	0	0	0	0
2016-01-07	0.200000016	0.100000008	0.100000008	0.200000016	0.100000008
2016-01-08	0	0	0	0.100000008	0
2016-01-09	0	0	0	0	0
2016-01-10	0	0.100000008	0.100000008	0.400000032	0.100000008
2016-01-11	10.1000004	10.69999992	10.69999992	13.1000004	10.69999992
2016-01-12	0	0.400000032	0.400000032	0.500000016	0.400000032
2016-01-13	1.030000008	0	0	1.249999968	0
2016-01-14	0	0	0	0.100000008	0
2016-01-15	0	0	0	0	0
2016-01-16	0	0	0	0.100000008	0
2016-01-17	0	0	0	0.400000032	0
2016-01-18	0	0	0	0	0
2016-01-19	0	0	0	0.100000008	0
2016-01-20	0	0	0	0	0
2016-01-21	1.5	2.000000064	2.000000064	2.90000016	2.000000064
2016-01-22	1.5	1.899999984	1.899999984	4.30000008	1.899999984
2016-01-23	0.80000004	2.29999992	2.29999992	2.29999992	2.29999992
2016-01-24	0	0	0	0.80000004	0
2016-01-25	0.200000016	0	0	0	0
2016-01-26	0	0	0	0	0
2016-01-27	0	0	0	0.100000008	0
2016-01-28	3.40000008	4.2	4.2	4.99999992	4.2
2016-01-29	10.6000008	9.79999992	9.79999992	9.99999984	9.79999992
2016-01-30	0.200000016	0.3	0.3	0.80000004	0.3
2016-01-31	0	0	0	0.100000008	0
2016-02-01	4.99999992	3.79999992	3.79999992	5.1999996	3.79999992
2016-02-02	0	0.100000008	0.100000008	0.100000008	0.100000008
2016-02-03	0	0	0	0	0
2016-02-04	0	0	0	0	0
2016-02-05	0	0	0	0	0
2016-02-06	0	0	0	0	0
2016-02-07	0	0	0	0	0
2016-02-08	0	0	0	0	0
2016-02-09	0	0	0	0	0
2016-02-10	0	0	0	0	0
2016-02-11	6.09999984	8.49999984	8.49999984	7.30000008	8.49999984
2016-02-12	0	0.3	0.3	0.3	0.3
2016-02-13	15.89999904	23.7	23.7	22.7000016	23.7
2016-02-14	3.20000016	3.49999992	3.49999992	4.69999992	3.49999992
2016-02-15	0	0	0	0	0
2016-02-16	0	0	0	0	0
2016-02-17	0	0	0	0	0
2016-02-18	0	0	0	0	0
2016-02-19	0	0	0	0	0
2016-02-20	0	0	0	0	0
2016-02-21	0	0	0	0	0
2016-02-22	2.4	4.5	4.5	5.59999992	4.5
2016-02-23	0	0	0	0	0
2016-02-24	0	0	0	0	0
2016-02-25	0	0	0	0	0
2016-02-26	0	0	0	0	0
2016-02-27	0	0	0	0	0
2016-02-28	0	0	0	0	0
2016-02-29	0	0	0	0	0
2016-03-01	0	0	0	0	0
2016-03-02	0	0	0	0	0
2016-03-03	0.500000016	0.100000008	0.100000008	0	0.100000008
2016-03-04	0.100000008	0	0	0.100000008	0
2016-03-05	0	0	0	0	0
2016-03-06	0	0	0	0	0
2016-03-07	0	0	0	0	0
2016-03-08	31.0999992	38.5999968	38.5999968	50.0999976	38.5999968
2016-03-09	12.69999936	12.89999904	12.89999904	12.80000064	12.89999904
2016-03-10	0	0	0	0	0
2016-03-11	0	0	0	0	0
2016-03-12	0	0	0	0	0
2016-03-13	0	0	0	0	0
2016-03-14	0	0	0	0	0
2016-03-15	0	0	0	0	0
2016-03-16	0	0	0	0	0
2016-03-17	0	0	0	0	0
2016-03-18	0	0	0	0	0
2016-03-19	0	0	0	0	0
2016-03-20	0	0	0	0	0
2016-03-21	0	0	0	0	0
2016-03-22	0	0	0	0	0
2016-03-23	0	0	0	0	0
2016-03-24	0	0	0	0	0
2016-03-25	0	0	0	0	0
2016-03-26	0	0	0	0	0
2016-03-27	0	0	0	0	0
2016-03-28	0	0	0	0	0
2016-03-29	0	0	0	0	0
2016-03-30	2.000000064	3.90000024	3.90000024	5.3000004	3.90000024
2016-03-31	3.20000016	3.3	3.3	3.90000024	3.3
2016-04-01	0	0	0	0	0
2016-04-02	11.20000008	7.90000032	9.99999984	9.3999996	7.90000032
2016-04-03	18.4999992	22.8	21.2000016	34.5	22.8
2016-04-04	0.200000016	0.400000032	0.500000016	0.500000016	0.400000032
2016-04-05	0	0	0	0	0
2016-04-06	31.3999992	25.3999992	26.8000008	30.1000008	25.3999992
2016-04-07	0.700000008	0.500000016	2.000000064	1.799999904	0.500000016
2016-04-08	0	0	0	0.100000008	0
2016-04-09	0	0	0	0	0
2016-04-10	0	0	0	0	0
2016-04-11	0	0	0	0	0
2016-04-12	0	0	0	0	0
2016-04-13	0	0	0	0	0
2016-04-14	0	0	0	0	0
2016-04-15	0	0	0	0	0
2016-04-16	16.9999992	21.3	18.7999992	20.7999984	21.3
2016-04-17	0.500000016	0.500000016	0.700000008	1.400000016	0.500000016
2016-04-18	0.400000032	0.3	0.3	0.3	0.3
2016-04-19	0	0	0	0	0
2016-04-20	17.7	18.7000008	22.0000008	26.0000016	18.7000008
2016-04-21	5.1999996	5.50000008	5.59999992	5.7	5.50000008
2016-04-22	0	0	0	0	0
2016-04-23	6.40000032	7.5	10.8999996	18.7999992	7.5
2016-04-24	0	0	0	0.100000008	0
2016-04-25	0	0	0	0	0
2016-04-26	2.20000008	1.400000016	1.000000032	2.000000064	1.400000016
2016-04-27	2.000000064	2.4	0.6	0.6	2.4
2016-04-28	0	0	0	0	0
2016-04-29	0	0	0	0	0
2016-04-30	0	0	0	0	0
2016-05-01	0	0	0	0	0
2016-05-02	11.69999952	15.69999936	37.7999976	28.6000008	15.69999936
2016-05-03	0.100000008	0.100000008	0.100000008	0	0.100000008
2016-05-04	0	0	0	0	0
2016-05-05	0.200000016	0.200000016	0.500000016	0.3	0.200000016
2016-05-06	0	0	0.100000008	0	0
2016-05-07	1.69999992	1.2	1.799999904	3.59999976	1.2
2016-05-08	1.5	1.100000016	1.100000016	1.000000032	1.100000016
2016-05-09	0.899999952	1.000000032	1.799999904	4.69999992	1.000000032
2016-05-10	4.09999992	4.59999984	5.50000008	6.79999992	4.59999984
2016-05-11	0	0	0	0	0
2016-05-12	0	0	0	0	0
2016-05-13	0	0	0	0	0
2016-05-14	0	0	0	0	0
2016-05-15	12.1999992	12	30.9	32.5999968	12
2016-05-16	0.100000008	0.100000008	0.100000008	0.100000008	0.100000008
2016-05-17	0	0	0	0	0
2016-05-18	0	0	0	0	0
2016-05-19	0	0	0	0	0
2016-05-20	5.40000024	5.7	5.7	6.70000008	5.7
2016-05-21	19.7000016	17.7	24.1999992	34.9000032	17.7
2016-05-22	1.400000016	1.69999992	1.100000016	1.100000016	1.69999992
2016-05-23	0.100000008	0	0	0.200000016	0
2016-05-24	0	0	0	0	0
2016-05-25	0	0	0	0	0
2016-05-26	3	5.1999996	2.700000096	1.69999992	5.1999996
2016-05-27	29.2999992	36	35.0000016	34.2000024	36
2016-05-28	0.100000008	0.100000008	0.80000004	1.299999912	0.100000008
2016-05-29	0	0	0	0	0
2016-05-30	0	0	0	0	0
2016-05-31	0.500000016	0.899999952	0	0.6	0.899999952
2016-06-01	8.6000004	11.1	17.6000004	36.7000008	11.1
2016-06-02	0.3	0.200000016	0.899999952	0.6	0.200000016
2016-06-03	6.09999984	5.40000024	4.69999992	10.6000008	5.40000024
2016-06-04	0	0.200000016	0	0	0.200000016
2016-06-05	0.3	0.400000032	0.200000016	0.3	0.400000032
2016-06-06	0.100000008	0	0.3	0	0
2016-06-07	0	0	0	0	0
2016-06-08	0.400000032	0.3	0.200000016	0.3	0.3
2016-06-09	0	0	0	0	0
2016-06-10	0	0	0	0	0
2016-06-11	0	0	0	0	0
2016-06-12	6	7.09999968	10.30000008	9.70000008	7.09999968
2016-06-13	0	0	0	0	0
2016-06-14	0	0	0	0	0
2016-06-15	0	0.80000004	0.100000008	0.100000008	0.80000004
2016-06-16	0	0	0	0.100000008	0
2016-06-17	0	0	0	0	0
2016-06-18	0	0	0	0	0
2016-06-19	0	0	0	0	0
2016-06-20	22.7000016	0	26.4	25.6000008	0
2016-06-21	8.00000016	0	21.7999992	13.3000008	0
2016-06-22	21.7999992	6.99999984	29.5999992	7.30000008	6.99999984
2016-06-23	0.3	0	0	0	0
2016-06-24	22.7000016	23.5000008	22.2999984	21.7999992	23.5000008
2016-06-25	12.89999904	16.2	22.7000016	24.1999992	16.2
2016-06-26	0.500000016	0.100000008	0.500000016	1.400000016	0.100000008
2016-06-27	24.9999984	29.5999992	36.6	33.4000032	29.5999992
2016-06-28	1.5	2.000000064	1.299999912	2.000000064	2.000000064
2016-06-29	0	0	0	0.100000008	0
2016-06-30	0	0	0	0	0
2016-07-01	141.9	162.9	182.899992	245.300016	162.9
2016-07-02	28.3000008	33.9	37.7999976	90.3	33.9
2016-07-03	6.9	7.40000016	15.09999984	14.10000096	7.40000016
2016-07-04	53.7999984	60.0999984	59.5000008	63.0999984	60.0999984
2016-07-05	7.80000048	8.69999952	9.30000048	22.8	8.69999952
2016-07-06	3.20000016	3.79999992	5.40000024	5.59999992	3.79999992
2016-07-07	2.000000064	1.69999992	1.5	1.899999984	1.69999992
2016-07-08	0	0	0	0	0
2016-07-09	0	0	0	0	0
2016-07-10	0	0	0	0	0
2016-07-11	0	0	0	0	0
2016-07-12	0	0	0	0	0
2016-07-13	1.400000016	0.899999952	0.899999952	0.100000008	0.899999952
2016-07-14	1.5	0	0.899999952	2.59999992	0
2016-07-15	18.60000096	24.1000008	24.7000008	10.69999992	24.1000008
2016-07-16	0	0	0	0.100000008	0
2016-07-17	0	0	0	0	0
2016-07-18	0	0	1.400000016	0.100000008	0
2016-07-19	2.80000008	0	1.400000016	1.000000032	0
2016-07-20	0	0	0	0	0
2016-07-21	0.100000008	0	0	0	0
2016-07-22	0	0	0	0	0
2016-07-23	0	0	0	0	0
2016-07-24	0	0	0	0	0
2016-07-25	0	0	0	0	0
2016-07-26	0	0	0	0	0
2016-07-27	0.3	0	0	0	0
2016-07-28	0	0	0	0	0
2016-07-29	0	0	0	0	0
2016-07-30	0	0	0	0	0
2016-07-31	0	0	0	0	0
2016-08-01	0	0	0	0	0
2016-08-02	7.80000048	2.000000064	14.39999904	0.500000016	2.000000064
2016-08-03	24.4000008	3.20000016	6.40000032	6.40000032	3.20000016
2016-08-04	6.09999984	0	1.000000032	0.3	0
2016-08-05	8.49999984	0	2.59999992	0	0
2016-08-06	0	0	0	0	0
2016-08-07	0.100000008	0	0	0	0
2016-08-08	0	0	0	0	0
2016-08-09	0	0	0	0	0
2016-08-10	0	0	0	0	0
2016-08-11	0	0	0	0	0
2016-08-12	0	0	0	0	0
2016-08-13	0	0	0	0	0
2016-08-14	0	0	0	0	0
2016-08-15	0	0	0	0	0
2016-08-16	0	0	0	0	0
2016-08-17	0	0	0	0	0
2016-08-18	0	0	0	0	0
2016-08-19	0	0	0	0.100000008	0
2016-08-20	0	0	0	0	0
2016-08-21	0.6	0	0	0.100000008	0
2016-08-22	2.59999992	0	0	3.20000016	0
2016-08-23	0	0	0	0	0
2016-08-24	0	0	0	0	0
2016-08-25	0	0	0	0	0
2016-08-26	0	0	0	0	0
2016-08-27	0	0	0	0	0
2016-08-28	0	0	0	0	0
2016-08-29	0	0	0	0	0
2016-08-30	0	0	0	0	0
2016-08-31	0	0	0	0	0
2016-09-01	0	0	0	0	0
2016-09-02	0	0	0	0	0
2016-09-03	0	0	0	0	0
2016-09-04	0	0	0	0	0
2016-09-05	0	0	0	0	0
2016-09-06	0.200000016	0	0.200000016	0.6	0
2016-09-07	0.400000032	0	0.80000004	1.299999912	0
2016-09-08	0	0	0	0	0
2016-09-09	0	0	0	0	0
2016-09-10	0	0	0	0.200000016	0
2016-09-11	0	0	0	0	0
2016-09-12	0	0	0	0	0
2016-09-13	0	0	0	0	0
2016-09-14	0	0	0	0	0
2016-09-15	7.90000032	0	9.3999996	9.50000016	0
2016-09-16	23.10000096	0	23.7	25.3000008	0
2016-09-17	0.200000016	0	0	0.100000008	0
2016-09-18	0	4.5	0	0	4.5
2016-09-19	0	0	0	0	0
2016-09-20	0	0	0	0	0
2016-09-21	0	0	0	0	0
2016-09-22	0	0	0	0	0
2016-09-23	0	0	0	0	0
2016-09-24	0	0	0	0	0
2016-09-25	0	0	0	0	0
2016-09-26	0	0	0	0	0
2016-09-27	0	0	0	0	0
2016-09-28	5.3000004	8.6000004	3	16.1000004	8.6000004
2016-09-29	16.59999984	24.1999992	30.5000016	40.2000024	24.1999992
2016-09-30	42.5000016	48.9000024	45.4000032	62.0999976	48.9000024
2016-10-01	5.80000008	5.09999976	5.09999976	5.80000008	5.09999976
2016-10-02	3.59999976	4.2	6.30000048	7.80000048	4.2
2016-10-03	0.100000008	0.100000008	0.200000016	0.100000008	0.100000008
2016-10-04	0	0	0	0	0
2016-10-05	0	0	0	0	0
2016-10-06	0	0	0	0	0
2016-10-07	6.09999984	9.50000016	10.6000008	8.00000016	9.50000016
2016-10-08	0	0	0	0	0
2016-10-09	0	0	0	0	0
2016-10-10	0	0	0	0	0
2016-10-11	0	0	0	0.200000016	0
2016-10-12	0	0	0	0	0
2016-10-13	0	0	0	0	0
2016-10-14	0	0	0	0.3	0
2016-10-15	0.100000008	0	0	0	0
2016-10-16	0	0	0	0	0
2016-10-17	0	0	0	0	0
2016-10-18	0	0	0	0	0
2016-10-19	0	0	0	0	0
2016-10-20	0	44.3695584	44.3695584	44.3695584	44.3695584
2016-10-21	0	7.21786512	7.21786512	7.21786512	7.21786512
2016-10-22	0.200000016	23.59085664	23.59085664	23.59085664	23.59085664
2016-10-23	0	0	0	0	0
2016-10-24	0.200000016	0	0	0	0
2016-10-25	0.400000032	4.53069456	4.53069456	4.53069456	4.53069456
2016-10-26	0.6	47.2129584	47.2129584	47.2129584	47.2129584
2016-10-27	0	3.4995708	3.4995708	3.4995708	3.4995708
2016-10-28	8.7801732	8.7801732	8.7801732	8.7801732	8.7801732
2016-10-29	19.0914072	19.0914072	19.0914072	19.0914072	19.0914072
2016-10-30	18.5289792	18.5289792	18.5289792	18.5289792	18.5289792
2016-10-31	21.43487112	21.43487112	21.43487112	21.43487112	21.43487112
2016-11-01	0	0	0	0	0
2016-11-02	0	0	0	0	0
2016-11-03	0	0	0	0	0
2016-11-04	0.73615176	0.73615176	0.73615176	0.73615176	0.73615176
2016-11-05	0	0	0	0	0
2016-11-06	0	0	0	0	0
2016-11-07	6.7592112	6.7592112	6.7592112	6.7592112	6.7592112
2016-11-08	6.45805776	6.45805776	6.45805776	6.45805776	6.45805776
2016-11-09	5.019216	5.019216	5.019216	5.019216	5.019216
2016-11-10	0	0	0	0	0
2016-11-11	0.434998728	0.434998728	0.434998728	0.434998728	0.434998728
2016-11-12	1.33845768	1.33845768	1.33845768	1.33845768	1.33845768
2016-11-13	0.234230064	0.234230064	0.234230064	0.234230064	0.234230064
2016-11-14	0	0	0	0	0
2016-11-15	0.167307202	0.167307202	0.167307202	0.167307202	0.167307202
2016-11-16	0.70269024	0.70269024	0.70269024	0.70269024	0.70269024
2016-11-17	5.755368	5.755368	5.755368	5.755368	5.755368
2016-11-18	7.2945936	7.2945936	7.2945936	7.2945936	7.2945936
2016-11-19	0	0	0	0	0
2016-11-20	0	0	0	0	0
2016-11-21	32.55798	32.55798	32.55798	32.55798	32.55798
2016-11-22	0	0	0	0	0
2016-11-23	2.777299584	2.777299584	2.777299584	2.777299584	2.777299584
2016-11-24	0.60230592	0.60230592	0.60230592	0.60230592	0.60230592
2016-11-25	0	0	0	0	0
2016-11-26	0	0	0	0	0
2016-11-27	0	0	0	0	0
2016-11-28	0	0	0	0	0
2016-11-29	0	0.100000008	0	0	0.100000008
2016-11-30	3.49999992	0	2.499999936	3.20000016	0
2016-12-01	0	0	0	0	0
2016-12-02	0	0	0	0	0
2016-12-03	0	0.100000008	0	0	0.100000008
2016-12-04	0	0	0	0.200000016	0
2016-12-05	0	0	0	0	0
2016-12-06	0	0	0	0	0
2016-12-07	0	0	0	0	0
2016-12-08	0	0.100000008	0	0	0.100000008
2016-12-09	0	0	0	0	0
2016-12-10	0	0	0	0	0
2016-12-11	0	0	0	0	0
2016-12-12	0	0	0	0	0
2016-12-13	10.30000008	0	11.4	13.40000016	0
2016-12-14	2.20000008	0.100000008	1.400000016	1.60000008	0.100000008
2016-12-15	0	1.000000032	0	0	1.000000032
2016-12-16	0	0	0	0.100000008	0
2016-12-17	0	0	0	0.200000016	0
2016-12-18	0	0	0	0	0
2016-12-19	0	0	0	0	0
2016-12-20	8.6000004	11.29999992	10.80000048	13.40000016	11.29999992
2016-12-21	24.9	36.9	23.7	28.6000008	36.9
2016-12-22	0	1.899999984	0.200000016	0.100000008	1.899999984
2016-12-23	0	0.6	0	0	0.6
2016-12-24	0	0	0	0	0
2016-12-25	7.59999984	3.59999976	9	10.80000048	3.59999976
2016-12-26	10.3999992	2.499999936	9.30000048	10.8999996	2.499999936
2016-12-27	0.100000008	1.5	0.200000016	0.100000008	1.5
2016-12-28	0	1.100000016	0	0	1.100000016
2016-12-29	0	0.700000008	0	0	0.700000008
2016-12-30	0	0	0	0	0
2016-12-31	0	0	0	0	0
2017-01-01	0	0	0	0	0
2017-01-02	0	0.100000008	0.400000032	0	0.100000008
2017-01-03	0.100000008	0	0.200000016	0.100000008	0
2017-01-04	1.400000016	1.299999912	2.1	2.499999936	1.299999912
2017-01-05	24.2999976	6.50000016	30	37.5999984	6.50000016
2017-01-06	12.69999936	15.09999984	12.3	14.8000008	15.09999984
2017-01-07	10.19999952	13.1000004	11.4	11.00000016	13.1000004
2017-01-08	0	0	0	0	0
2017-01-09	0.100000008	0	0	0	0
2017-01-10	0	0	0	0	0
2017-01-11	0	0	0	0	0
2017-01-12	0	0	0	0	0
2017-01-13	0	0	0.100000008	0.100000008	0
2017-01-14	0	0	0	0	0
2017-01-15	0	0	0	0	0
2017-01-16	0	0	0	0	0
2017-01-17	0	0	0	0	0
2017-01-18	0	0	0	0.200000016	0
2017-01-19	0.700000008	0.3	0.200000016	0.700000008	0.3
2017-01-20	0	0	0	0	0
2017-01-21	0	0	0	0	0
2017-01-22	0	0	0	0	0
2017-01-23	0	0	0	0	0
2017-01-24	0	0	0	0	0
2017-01-25	0	0	0	0	0
2017-01-26	0	0	0	0.100000008	0
2017-01-27	0	0	0	0	0
2017-01-28	0	0	0	0	0
2017-01-29	0	0	0.3	0.6	0
2017-01-30	0	0	0	0	0
2017-01-31	0	0	0	0	0
2017-02-01	0	0	0	0.100000008	0
2017-02-02	0	0.100000008	0.100000008	0.200000016	0.100000008
2017-02-03	2.20000008	3.3	3.49999992	4.09999992	3.3
2017-02-04	0	0	0.200000016	0.100000008	0
2017-02-05	0	0	0	0	0
2017-02-06	0	0	0	0	0
2017-02-07	0	0	0.100000008	0.3	0
2017-02-08	4.8	6.9	6	8.80000008	6.9
2017-02-09	0	0	0.100000008	0.100000008	0
2017-02-10	0	0	0	0.100000008	0
2017-02-11	0	0	0	0	0
2017-02-12	0	0	0	0	0
2017-02-13	0	0	0	0	0
2017-02-14	0	0	0	0	0
2017-02-15	0	0	0	0	0
2017-02-16	0.100000008	0.100000008	0.3	0.899999952	0.100000008
2017-02-17	0	0	0	0	0
2017-02-18	0	0	0	0	0
2017-02-19	0	0	0	0	0
2017-02-20	1.299999912	2.499999936	1.5	0.400000032	2.499999936
2017-02-21	6.6	8.49999984	6.19999992	7.19999952	8.49999984
2017-02-22	16.9999992	21.09999984	23.2999992	22.7000016	21.09999984
2017-02-23	0	0.100000008	0	0	0.100000008
2017-02-24	0	0	0	0	0
2017-02-25	0	0	0	0	0
2017-02-26	0	0	0	0	0
2017-02-27	0	0	0	0	0
2017-02-28	0	0	0	0	0
2017-03-01	0	0	0	0	0
2017-03-02	0	0	0	0	0
2017-03-03	0	0	0	0	0
2017-03-04	1.899999984	2.59999992	2.29999992	3	2.59999992
2017-03-05	3.09999984	4.30000008	4.69999992	4.8	4.30000008
2017-03-06	0	0	0	0	0
2017-03-07	0	0	0	0	0
2017-03-08	0	0	0	0	0
2017-03-09	0	0	0	0	0
2017-03-10	0	0	0	0	0
2017-03-11	0	0	0	0	0
2017-03-12	5.1999996	6.19999992	3.90000024	4.59999984	6.19999992
2017-03-13	13.3000008	13.9999992	14.8000008	18.89999904	13.9999992
2017-03-14	0.100000008	0	0	0.100000008	0
2017-03-15	0	0	0	0	0
2017-03-16	0	0	0	0	0
2017-03-17	0	0	0	0	0
2017-03-18	0	0	0.100000008	0	0
2017-03-19	4.90000008	6.50000016	5.59999992	4.09999992	6.50000016
2017-03-20	3.49999992	4.69999992	9	7.80000048	4.69999992
2017-03-21	0	0	0	0	0
2017-03-22	4.90000008	6.09999984	6.19999992	8.1	6.09999984
2017-03-23	0	0	0.100000008	0	0
2017-03-24	7.80000048	8.20000008	7.90000032	9.6	8.20000008
2017-03-25	0	0	0	0.100000008	0
2017-03-26	0	0	0	0	0
2017-03-27	0	0	0	0	0
2017-03-28	0	0	0	0	0
2017-03-29	0	0	0	0	0
2017-03-30	7.80000048	11.29999992	9.99999984	15.3999996	11.29999992
2017-03-31	4.5	4.99999992	4.00000008	3.79999992	4.99999992
2017-04-01	0	0	0	0	0
2017-04-02	0	0	0	0	0
2017-04-03	0	0	0	0	0
2017-04-04	3.40000008	4.30000008	2.59999992	2.20000008	4.30000008
2017-04-05	3.3	3.59999976	4.69999992	4.59999984	3.59999976
2017-04-06	15.89999904	18.7999992	18.2000016	27.2999976	18.7999992
2017-04-07	0.500000016	0.3	0.200000016	1.60000008	0.3
2017-04-08	1.2	1.400000016	1.5	1.69999992	1.400000016
2017-04-09	15.1999992	16.5	32.0000016	36.4000032	16.5
2017-04-10	10.80000048	13.8	13.8	13.6999992	13.8
2017-04-11	0	0	0.100000008	0	0
2017-04-12	0	0	0	0	0
2017-04-13	0	0	0	0	0
2017-04-14	0	0	0	0	0
2017-04-15	0	0	0	0	0
2017-04-16	0.400000032	0.500000016	0.200000016	0.3	0.500000016
2017-04-17	8.6000004	10.5	7.19999952	7.69999992	10.5
2017-04-18	0	0	0	0	0
2017-04-19	0	0	0.100000008	0.200000016	0
2017-04-20	0.700000008	1.000000032	1.000000032	1.100000016	1.000000032
2017-04-21	0	0	0	0	0
2017-04-22	0	0	0	0	0
2017-04-23	0	0	0	0	0
2017-04-24	0	0	0	0	0
2017-04-25	0.899999952	4.99999992	5.09999976	6.99999984	4.99999992
2017-04-26	0.100000008	1.400000016	1.299999912	2.59999992	1.400000016
2017-04-27	0	0	0	0	0
2017-04-28	0	0	0	0	0
2017-04-29	1.000000032	0	0	0	0
2017-04-30	0.3	0	0	0	0
2017-05-01	0.100000008	2.90000016	3	2.1	2.90000016
2017-05-02	0.700000008	0	0.100000008	0.200000016	0
2017-05-03	0	0	0	0	0
2017-05-04	36.7999992	40.6999992	36.4000032	41.2000008	40.6999992
2017-05-05	0.200000016	0	0	0	0
2017-05-06	0.200000016	0	0.3	0	0
2017-05-07	0.200000016	0	0	0	0
2017-05-08	4.00000008	8.49999984	7.80000048	6.6	8.49999984
2017-05-09	0.200000016	0	0.200000016	0	0
2017-05-10	0	0	0	0	0
2017-05-11	0	0.3	1.100000016	3.70000008	0.3
2017-05-12	5.1999996	5.09999976	4.30000008	6.9	5.09999976
2017-05-13	0	0	0	0	0
2017-05-14	8.29999992	26.2000008	10.1000004	10.69999992	26.2000008
2017-05-15	0	0	0.200000016	0.3	0
2017-05-16	0.100000008	0	0	0	0
2017-05-17	0	0	0	0	0
2017-05-18	0	0	0	0	0
2017-05-19	0	0	0	0	0
2017-05-20	0	0	0	0	0
2017-05-21	0	0	0	0	0
2017-05-22	0	0	0.400000032	23.10000096	0
2017-05-23	21.7999992	27.1999992	17.10000096	1.400000016	27.1999992
2017-05-24	0.100000008	0	0	0.3	0
2017-05-25	0	0	0	0.100000008	0
2017-05-26	0	0	0	0.200000016	0
2017-05-27	0	0	0	0	0
2017-05-28	0	0	0	0.100000008	0
2017-05-29	0	0	0	0	0
2017-05-30	0	0	0	0	0
2017-05-31	0	0	0	0	0
2017-06-01	0	0	0	0	0
2017-06-02	0	0	0	0	0
2017-06-03	0	0	0	0	0
2017-06-04	0	0	0	0	0
2017-06-05	6.9	15.60000096	24.4000008	0	15.60000096
2017-06-06	1.299999912	0.6	0.3	0	0.6
2017-06-07	0	0	0	0	0
2017-06-08	0	0	0	0	0
2017-06-09	0	0	0	0	0
2017-06-10	22.8999996	33.2999976	48.9000024	1.400000016	33.2999976
2017-06-11	0.400000032	0	0.400000032	0.100000008	0
2017-06-12	0	0	0	0	0
2017-06-13	0	0	0	0	0
2017-06-14	0	0	0	0	0
2017-06-15	0	0	0	0	0
2017-06-16	0	0	0	0	0
2017-06-17	0	1.60000008	0	0	1.60000008
2017-06-18	0	0	0	0	0
2017-06-19	0	0	0	0	0
2017-06-20	0	0	0	0	0
2017-06-21	0	0	0	0	0
2017-06-22	0	0	0	0	0
2017-06-23	0	0.80000004	0	0.100000008	0.80000004
2017-06-24	0	0	0	0	0
2017-06-25	0	0	0	0	0
2017-06-26	0	0	0	0.100000008	0
2017-06-27	0	0	0	0	0
2017-06-28	0	0.80000004	0	0	0.80000004
2017-06-29	0	0	0	0	0
2017-06-30	0	5.80000008	9.30000048	10.3999992	5.80000008
2017-07-01	2.000000064	2.90000016	3.90000024	6	2.90000016
2017-07-02	11.00000016	11.29999992	11.49999984	12.09999984	11.29999992
2017-07-03	1.2	3.79999992	0.400000032	1.000000032	3.79999992
2017-07-04	0.200000016	0	0	0	0
2017-07-05	0	0.80000004	0.200000016	0.400000032	0.80000004
2017-07-06	0	0	0.100000008	0.200000016	0
2017-07-07	10.1000004	2.499999936	3.20000016	2.20000008	2.499999936
2017-07-08	0	0.899999952	0	0.100000008	0.899999952
2017-07-09	7.69999992	2.59999992	8.00000016	10.3999992	2.59999992
2017-07-10	12.4999992	3.40000008	27.7000008	67.0999992	3.40000008
2017-07-11	0.100000008	0	0	0	0
2017-07-12	0	0	0	0	0
2017-07-13	0	0.80000004	0	0	0.80000004
2017-07-14	0	0.80000004	0.500000016	0.3	0.80000004
2017-07-15	0	0.80000004	0	0	0.80000004
2017-07-16	0.100000008	0.80000004	0	0	0.80000004
2017-07-17	0	0.80000004	0	0	0.80000004
2017-07-18	0	0	0	0	0
2017-07-19	0	0	0	0	0
2017-07-20	0	0	0	0	0
2017-07-21	0	0	0	0	0
2017-07-22	0	0	0	0	0
2017-07-23	0	0	0	0	0
2017-07-24	0	0	0	0	0
2017-07-25	0	0	0	0	0
2017-07-26	0	0	0	0	0
2017-07-27	0	0.80000004	0	0	0.80000004
2017-07-28	0	0	0	0	0
2017-07-29	0	0	0	0	0
2017-07-30	0	0	0.200000016	0	0
2017-07-31	1.299999912	0	0.100000008	0.100000008	0
2017-08-01	0	0.80000004	0	0.400000032	0.80000004
2017-08-02	0	0	3.20000016	8.20000008	0
2017-08-03	14.19999936	10.6000008	23.39999904	37.5	10.6000008
2017-08-04	0	0	0	0	0
2017-08-05	5.80000008	0	0	0	0
2017-08-06	0.500000016	0	0	0	0
2017-08-07	0.200000016	0	8.00000016	1.69999992	0
2017-08-08	0.899999952	25.6999992	69.1999968	61.7000016	25.6999992
2017-08-09	17.39999904	0.200000016	19.2	19.8999996	0.200000016
2017-08-10	0.3	0	0	0	0
2017-08-11	0.3	0	0	0	0
2017-08-12	4.90000008	0	11.20000008	16.2	0
2017-08-13	1.69999992	0.100000008	5.50000008	16.5	0.100000008
2017-08-14	0.899999952	0.80000004	3.09999984	4.5	0.80000004
2017-08-15	0.200000016	0.80000004	0.100000008	0	0.80000004
2017-08-16	0.899999952	2.1	0.6	8.8999992	2.1
2017-08-17	0.200000016	0	0	0	0
2017-08-18	0.100000008	0	0	0	0
2017-08-19	22.2	8.69999952	52.7000016	26.0000016	8.69999952
2017-08-20	12.89999904	2.29999992	33.9999984	73.0000008	2.29999992
2017-08-21	0.200000016	0.80000004	0	0.100000008	0.80000004
2017-08-22	0.100000008	0	0	0	0
2017-08-23	0.100000008	0	0	0	0
2017-08-24	0	0.80000004	1.799999904	0	0.80000004
2017-08-25	4.40000016	0	18.2000016	45.2999976	0
2017-08-26	1.000000032	0	0.6	0.200000016	0
2017-08-27	0.100000008	0.80000004	0	0	0.80000004
2017-08-28	0	0	0	0	0
2017-08-29	7.69999992	2.80000008	1.000000032	0.500000016	2.80000008
2017-08-30	0.100000008	0	0	0.3	0
2017-08-31	2.4	0	4.09999992	2.20000008	0
2017-09-01	4.8	0	4.59999984	6	0
2017-09-02	0.100000008	0	0.100000008	1.000000032	0
2017-09-03	12	0	15	15.09999984	0
2017-09-04	0.400000032	0	3.3	3.59999976	0
2017-09-05	0.100000008	0	0	0	0
2017-09-06	0.200000016	0	0.80000004	0.80000004	0
2017-09-07	0.100000008	0	0	1.000000032	0
2017-09-08	0.3	0	0	0	0
2017-09-09	0	0	0	0	0
2017-09-10	5.09999976	5.7	5.40000024	1.400000016	5.7
2017-09-11	0.700000008	1.299999912	0.80000004	0.400000032	1.299999912
2017-09-12	0.200000016	0	0.100000008	0.100000008	0
2017-09-13	0	0	0	0	0
2017-09-14	0	0	0	0	0
2017-09-15	0	0.80000004	0	0	0.80000004
2017-09-16	0	0	0	0	0
2017-09-17	0.100000008	0	0	0	0
2017-09-18	0	0	0	0	0
2017-09-19	0	0.500000016	0.80000004	0.6	0.500000016
2017-09-20	2.80000008	4.69999992	6	7.5	4.69999992
2017-09-21	0.100000008	0.200000016	0.3	1.100000016	0.200000016
2017-09-22	0	0.80000004	0	0	0.80000004
2017-09-23	2.000000064	4.2	2.80000008	4.99999992	4.2
2017-09-24	29.4999984	31.3999992	27	29.8999992	31.3999992
2017-09-25	0.200000016	3.09999984	1.60000008	0.80000004	3.09999984
2017-09-26	0	5.50000008	1.899999984	3.59999976	5.50000008
2017-09-27	0	10.80000048	10.19999952	12.09999984	10.80000048
2017-09-28	0	8.6000004	6.30000048	8.69999952	8.6000004
2017-09-29	0	1.2	0.3	1.60000008	1.2
2017-09-30	0	19.7000016	21.4999992	30.5000016	19.7000016
2017-10-01	0	0.100000008	0	0	0.100000008
2017-10-02	0	12.1999992	15.09999984	27.1000008	12.1999992
2017-10-03	0	5.1999996	4.5	4.30000008	5.1999996
2017-10-04	0	2.29999992	2.90000016	3.70000008	2.29999992
2017-10-05	0	13.2	11.69999952	10.6000008	13.2
2017-10-06	0	0	0	0.100000008	0
2017-10-07	0	0	0	0	0
2017-10-08	0	0.80000004	0	0	0.80000004
2017-10-09	0	0.80000004	0	0	0.80000004
2017-10-10	0	0	0	0	0
2017-10-11	0	2.4	1.299999912	3.3	2.4
2017-10-12	0	22.1000004	19.2999984	18.7999992	22.1000004
2017-10-13	0	0.80000004	0	0	0.80000004
2017-10-14	0	2.000000064	0.500000016	0.400000032	2.000000064
2017-10-15	0	1.000000032	1.000000032	0.700000008	1.000000032
2017-10-16	0	11.80000008	8.69999952	9.3999996	11.80000008
2017-10-17	0	5.59999992	3.20000016	2.4	5.59999992
2017-10-18	0	0	0	0	0
2017-10-19	0	1.299999912	0.500000016	0.200000016	1.299999912
2017-10-20	0	0	0	0	0
2017-10-21	0	0.80000004	0	0	0.80000004
2017-10-22	0	0.80000004	0	0	0.80000004
2017-10-23	0	0	0	0	0
2017-10-24	0	0	0.100000008	0	0
2017-10-25	0	0	0	0	0
2017-10-26	0	0	0.100000008	0	0
2017-10-27	0	0.80000004	0	0	0.80000004
2017-10-28	0	0.80000004	0	0	0.80000004
2017-10-29	0	0	0	0	0
2017-10-30	0	0	0	0	0
2017-10-31	0	0	0	0	0
2017-11-01	0	0	0	0	0
2017-11-02	0	0	0	0	0
2017-11-03	0	0	0	0	0
2017-11-04	0	0.80000004	0	0	0.80000004
2017-11-05	0	0	0	0	0
2017-11-06	0	0	0	0	0
2017-11-07	0	0	0	0	0
2017-11-08	0	0.200000016	0	0	0.200000016
2017-11-09	0	0	0	0	0
2017-11-10	0	0	0	0	0
2017-11-11	0	0	0	0	0
2017-11-12	0	0.100000008	0	0	0.100000008
2017-11-13	0	0	0	0	0
2017-11-14	0	0	0	0	0
2017-11-15	0	0	0	0	0
2017-11-16	0	0.80000004	0	0	0.80000004
2017-11-17	0	0.899999952	0.500000016	2.80000008	0.899999952
2017-11-18	3.40000008	6.70000008	7.90000032	9	6.70000008
2017-11-19	0	0	0	0	0
2017-11-20	0	0.200000016	0.400000032	0.80000004	0.200000016
2017-11-21	0	0	0	0	0
2017-11-22	0	0.80000004	0	0	0.80000004
2017-11-23	0	0	0	0	0
2017-11-24	0	0	0	0	0
2017-11-25	0	0	0	0	0
2017-11-26	0	0.80000004	0	0	0.80000004
2017-11-27	0	0	0	0	0
2017-11-28	0	0	0.100000008	0	0
2017-11-29	0	1.60000008	0	0	1.60000008
2017-11-30	0	1.000000032	0.6	1.000000032	1.000000032
2017-12-01	0	0.80000004	0	0	0.80000004
2017-12-02	0	0	0	0	0
2017-12-03	0	0	0	0	0
2017-12-04	0	0	0	0	0
2017-12-05	0	0	0	0	0
2017-12-06	0	0	0	0	0
2017-12-07	0	0	0	0	0
2017-12-08	0	0.80000004	0	0	0.80000004
2017-12-09	0	0	0	0	0
2017-12-10	0	0	0	0	0
2017-12-11	0	0	0	0	0
2017-12-12	0	0	0	0	0
2017-12-13	0	0	0	0	0
2017-12-14	0	4.40000016	3.90000024	5.09999976	4.40000016
2017-12-15	0	3	2.80000008	3.40000008	3
2017-12-16	0	1.000000032	0.100000008	0.200000016	1.000000032
2017-12-17	0	0	0	0	0
2017-12-18	0	0	0	0	0
2017-12-19	0	0	0	0	0
2017-12-20	0	0	0	0	0
2017-12-21	0	0	0	0	0
2017-12-22	0	0	0	0	0
2017-12-23	0	0	0	0	0
2017-12-24	0	0	0	0	0
2017-12-25	0	0	0	0	0
2017-12-26	0	0	0	0	0
2017-12-27	0	0	0	0	0
2017-12-28	0	1.69999992	2.499999936	3.59999976	1.69999992
2017-12-29	0	1.000000032	0	0.3	1.000000032
2017-12-30	0	1.2	0.500000016	0.3	1.2
2017-12-31	0	0.80000004	0	0.100000008	0.80000004
2018-01-01	0	0	0	0	0
2018-01-02	0.6	0.6	0.80000004	0.899999952	0.6
2018-01-03	13.5	13.5	11.69999952	11.29999992	13.5
2018-01-04	1.100000016	1.100000016	4.90000008	7.19999952	1.100000016
2018-01-05	8.8999992	8.8999992	5.50000008	6.70000008	8.8999992
2018-01-06	5.90000016	5.90000016	6.40000032	8.49999984	5.90000016
2018-01-07	11.29999992	11.29999992	11.80000008	14.8000008	11.29999992
2018-01-08	4.40000016	4.40000016	3.3	6	4.40000016
2018-01-09	7.90000032	7.90000032	9.1000008	11.20000008	7.90000032
2018-01-10	5.09999976	5.09999976	2.90000016	3.90000024	5.09999976
2018-01-11	4.69999992	4.69999992	0	0.100000008	4.69999992
2018-01-12	0.899999952	0.899999952	0	0	0.899999952
2018-01-13	0.80000004	0.80000004	0	0	0.80000004
2018-01-14	1.69999992	1.69999992	0	0	1.69999992
2018-01-15	0	0	0	0	0
2018-01-16	3.3	3.3	2.700000096	3.70000008	3.3
2018-01-17	1.000000032	1.000000032	0	0.100000008	1.000000032
2018-01-18	0	0	0.200000016	0	0
2018-01-19	8.49999984	8.49999984	2.4	2.59999992	8.49999984
2018-01-20	0.100000008	0.100000008	0	0	0.100000008
2018-01-21	1.400000016	1.400000016	2.80000008	3.59999976	1.400000016
2018-01-22	0.200000016	0.200000016	0.3	0.200000016	0.200000016
2018-01-23	0	0	0	0	0
2018-01-24	0	0	0	0	0
2018-01-25	0	0	0	0	0
2018-01-26	1.60000008	1.60000008	0.200000016	2.700000096	1.60000008
2018-01-27	0	0	0	0.100000008	0
2018-01-28	0	0	0.80000004	0	0
2018-01-29	4.5	4.5	1.799999904	2.499999936	4.5
2018-01-30	5.3000004	5.3000004	12.4999992	6.9	5.3000004
2018-01-31	3.20000016	3.20000016	0.400000032	7.19999952	3.20000016
2018-02-01	6.40000032	6.40000032	0	12	6.40000032
2018-02-02	5.1999996	5.1999996	0	2.29999992	5.1999996
2018-02-03	1.5	1.5	0	0	1.5
2018-02-04	1.899999984	1.899999984	0	0	1.899999984
2018-02-05	1.69999992	1.69999992	0	0	1.69999992
2018-02-06	0	0	0	0	0
2018-02-07	0	0	0	0	0
2018-02-08	0.80000004	0.80000004	0	0	0.80000004
2018-02-09	0	0	0	0	0
2018-02-10	0	0	0	0	0
2018-02-11	1.60000008	1.60000008	0	0	1.60000008
2018-02-12	0	0	0	0	0
2018-02-13	0.80000004	0.80000004	0	0	0.80000004
2018-02-14	0	0	0	0	0
2018-02-15	1.60000008	1.60000008	0.100000008	0	1.60000008
2018-02-16	0.3	0.3	1.000000032	0.500000016	0.3
2018-02-17	0	0	0	0.100000008	0
2018-02-18	7.69999992	7.69999992	9.6	11.4	7.69999992
2018-02-19	10.1000004	10.1000004	9.99999984	11.69999952	10.1000004
2018-02-20	9.19999992	9.19999992	9.19999992	11.1	9.19999992
2018-02-21	0.200000016	0.200000016	0.200000016	0.3	0.200000016
2018-02-22	0	0	0	0	0
2018-02-23	0	0	0	0	0
2018-02-24	0	0	0	0	0
2018-02-25	0	0	0	0	0
2018-02-26	0	0	0	0	0
2018-02-27	8.00000016	8.00000016	9.3999996	11.49999984	8.00000016
2018-02-28	21	21	21.09999984	19.40000016	21
2018-03-01	0	0	0	0.100000008	0
2018-03-02	4.5	4.5	4.99999992	6.19999992	4.5
2018-03-03	0.3	0.3	1.299999912	2.20000008	0.3
2018-03-04	4.40000016	4.40000016	4.09999992	10.8999996	4.40000016
2018-03-05	19.1000004	19.1000004	18.7000008	17.6000004	19.1000004
2018-03-06	1.2	1.2	1.5	1.60000008	1.2
2018-03-07	11.6000004	11.6000004	11.8999992	13.8999996	11.6000004
2018-03-08	0	0	0	0	0
2018-03-09	0	0	0	0	0
2018-03-10	0.80000004	0.80000004	0	0	0.80000004
2018-03-11	0.80000004	0.80000004	0	0	0.80000004
2018-03-12	0	0	0	0	0
2018-03-13	0	0	0	0	0
2018-03-14	0.899999952	0.899999952	3.20000016	6.40000032	0.899999952
2018-03-15	28.3000008	28.3000008	3.70000008	0.6	28.3000008
2018-03-16	4.99999992	4.99999992	3.3	5.7	4.99999992
2018-03-17	0.80000004	0.80000004	0	0	0.80000004
2018-03-18	5.50000008	5.50000008	6.30000048	6.99999984	5.50000008
2018-03-19	2.90000016	2.90000016	2.499999936	4.69999992	2.90000016
2018-03-20	5.80000008	5.80000008	4.59999984	4.5	5.80000008
2018-03-21	0	0	0	0	0
2018-03-22	0.80000004	0.80000004	0.100000008	0.100000008	0.80000004
2018-03-23	0	0	0	0	0
2018-03-24	0	0	0	0	0
2018-03-25	0	0	0	0	0
2018-03-26	0.80000004	0.80000004	0	0	0.80000004
2018-03-27	0	0	0	0	0
2018-03-28	0	0	0	0	0
2018-03-29	0	0	0	0	0
2018-03-30	0.80000004	0.80000004	0	0	0.80000004
2018-03-31	0	0	0	0	0
2018-04-01	0	0	0	0	0
2018-04-02	0.80000004	0.80000004	0	0	0.80000004
2018-04-03	0	0	0	0	0
2018-04-04	0.80000004	0.80000004	0	0	0.80000004
2018-04-05	24.9999984	24.9999984	26.2999992	24.1000008	24.9999984
2018-04-06	3.90000024	3.90000024	3.20000016	2.90000016	3.90000024
2018-04-07	0.80000004	0.80000004	0	0	0.80000004
2018-04-08	0	0	0	0	0
2018-04-09	0.80000004	0.80000004	0	0	0.80000004
2018-04-10	0	0	0	0	0
2018-04-11	0	0	0.100000008	0	0
2018-04-12	3.79999992	3.79999992	0	0	3.79999992
2018-04-13	0.80000004	0.80000004	3.40000008	8.6000004	0.80000004
2018-04-14	0.500000016	0.500000016	0.6	1.000000032	0.500000016
2018-04-15	0	0	0	0	0
2018-04-16	0	0	0	0	0
2018-04-17	0	0	0	0	0
2018-04-18	0	0	0	0	0
2018-04-19	0.80000004	0.80000004	0	0	0.80000004
2018-04-20	0	0	0	0	0
2018-04-21	5.1999996	5.1999996	3.59999976	4.40000016	5.1999996
2018-04-22	6.50000016	6.50000016	9	9.50000016	6.50000016
2018-04-23	18.2000016	18.2000016	15	15.3999996	18.2000016
2018-04-24	0.3	0.3	0.500000016	0.400000032	0.3
2018-04-25	0	0	0	0	0
2018-04-26	0	0	0.200000016	0	0
2018-04-27	0.80000004	0.80000004	0	0	0.80000004
2018-04-28	0	0	0	0	0
2018-04-29	0.80000004	0.80000004	0	0	0.80000004
2018-04-30	0	0	0	0	0
2018-05-01	9	9	8.1	27	9
2018-05-02	0.100000008	0.100000008	0.200000016	0.200000016	0.100000008
2018-05-03	0	0	0	0	0
2018-05-04	0	0	0	0	0
2018-05-05	10.3999992	10.3999992	10.1000004	14.19999936	10.3999992
2018-05-06	35.1	35.1	40.3000008	20.39999904	35.1
2018-05-07	0.3	0.3	0	0	0.3
2018-05-08	1.100000016	1.100000016	0.100000008	0	1.100000016
2018-05-09	0	0	0	3.20000016	0
2018-05-10	0	0	0	0	0
2018-05-11	0.100000008	0.100000008	0	0	0.100000008
2018-05-12	1.000000032	1.000000032	1.60000008	2.80000008	1.000000032
2018-05-13	0	0	0.100000008	0	0
2018-05-14	0	0	0	0	0
2018-05-15	0	0	0	0	0
2018-05-16	0	0	0	0	0
2018-05-17	14.39999904	14.39999904	16.8	30.1000008	14.39999904
2018-05-18	33.0999984	33.0999984	26.0000016	39.7000008	33.0999984
2018-05-19	4.2	4.2	2.1	0.700000008	4.2
2018-05-20	4.2	4.2	3.3	4.40000016	4.2
2018-05-21	5.80000008	5.80000008	9.79999992	4.00000008	5.80000008
2018-05-22	0.80000004	0.80000004	2.499999936	5.50000008	0.80000004
2018-05-23	0.3	0.3	0	0.100000008	0.3
2018-05-24	0	0	0.200000016	0.200000016	0
2018-05-25	8.49999984	8.49999984	11.8999992	13.59999984	8.49999984
2018-05-26	4.00000008	4.00000008	2.59999992	5.09999976	4.00000008
2018-05-27	0	0	0	0	0
2018-05-28	0.80000004	0.80000004	0	0	0.80000004
2018-05-29	0	0	0.6	0.3	0
2018-05-30	0	0	0.100000008	0.200000016	0
2018-05-31	2.20000008	2.20000008	2.20000008	2.700000096	2.20000008
2018-06-01	0.80000004	0.80000004	0	0	0.80000004
2018-06-02	0	0	0	0	0
2018-06-03	1.60000008	1.60000008	0	0	1.60000008
2018-06-04	0	0	0	0.200000016	0
2018-06-05	0.80000004	0.80000004	0	0	0.80000004
2018-06-06	0.80000004	0.80000004	0	0	0.80000004
2018-06-07	0	0	0	0	0
2018-06-08	0	0	0	0	0
2018-06-09	6.50000016	6.50000016	26.5999992	22.9999992	6.50000016
2018-06-10	0	0	0.100000008	0	0
2018-06-11	0	0	0	0	0
2018-06-12	0	0	0	0	0
2018-06-13	0	0	0	0	0
2018-06-14	0	0	0	0	0
2018-06-15	0	0	0	0	0
2018-06-16	0	0	0	0	0
2018-06-17	0	0	0	0	0
2018-06-18	0	0	0	0	0
2018-06-19	14.7	14.7	33.0999984	23.10000096	14.7
2018-06-20	1.000000032	1.000000032	2.1	1.2	1.000000032
2018-06-21	0	0	0	0	0
2018-06-22	2.1	2.1	4.8	6.79999992	2.1
2018-06-23	0	0	0	0.3	0
2018-06-24	0	0	0	0	0
2018-06-25	0	0	0	0	0
2018-06-26	0.80000004	0.80000004	0	0	0.80000004
2018-06-27	0	0	0	0	0
2018-06-28	25.5	25.5	42.7999992	15.89999904	25.5
2018-06-29	0	0	0	0	0
2018-06-30	0.100000008	0.100000008	0.400000032	0.200000016	0.100000008
2018-07-01	0.80000004	0.80000004	4.59999984	0	0.80000004
2018-07-02	0	0	0	0	0
2018-07-03	0.80000004	0.80000004	0	0	0.80000004
2018-07-04	24	24	30.7000008	6.40000032	24
2018-07-05	30.1999992	30.1999992	64.2	44.4	30.1999992
2018-07-06	32.1	32.1	32.0000016	33.7999992	32.1
2018-07-07	2.700000096	2.700000096	3.09999984	4.69999992	2.700000096
2018-07-08	0	0	0	0	0
2018-07-09	1.5	1.5	10.1000004	6.09999984	1.5
2018-07-10	0	0	0	0	0.80000004
2018-07-11	0	0	0	0	0
2018-07-12	0	0	0	0	0
2018-07-13	0.80000004	0.80000004	0	0	0
2018-07-14	0.80000004	0.80000004	0	0	0.80000004
2018-07-15	0	0	0	0	0
2018-07-16	0	0	0	0	0
2018-07-17	0	0	0	0	0
2018-07-18	0	0	0	0	0.80000004
2018-07-19	0	0	0	0	0
2018-07-20	0	0	0	0	0
2018-07-21	0	0	0	0	0.80000004
2018-07-22	2.700000096	2.700000096	0	0	0
2018-07-23	0	0	0	0	0
2018-07-24	0	0	0	0	0
2018-07-25	0	0	0	2.20000008	0
2018-07-26	0	0	0	0	0
2018-07-27	37.3000008	37.3000008	65.0999976	32.2999992	93.4999992
2018-07-28	0	0	0.200000016	0	0.100000008
2018-07-29	0	0	0	0	0
2018-07-30	1.299999912	1.299999912	0	0	0
2018-07-31	0.80000004	0.80000004	0	0	0.80000004
2018-08-01	0	0	0	0	0
2018-08-02	0	0	0	0	0.80000004
2018-08-03	4.99999992	4.99999992	6.79999992	4.00000008	3.49999992
2018-08-04	4.40000016	4.40000016	12.3999996	6.30000048	5.80000008
2018-08-05	0	0	0	0	0
2018-08-06	0	0	0	0	0
2018-08-07	0	0	0	0	0.100000008
2018-08-08	1.60000008	1.60000008	0	0	0
2018-08-09	0.80000004	0.80000004	0	0	0.80000004
2018-08-10	0	0	0	0	0.80000004
2018-08-11	0	0	0.100000008	1.000000032	0.80000004
2018-08-12	0	0	0.100000008	0.6	5.09999976
2018-08-13	13.6999992	13.6999992	12.69999936	8.80000008	10.69999992
2018-08-14	0	0	0	0	0.80000004
2018-08-15	0.80000004	0.80000004	0	0	0
2018-08-16	11.8999992	11.8999992	3.09999984	3.20000016	5.09999976
2018-08-17	119.499996	119.499996	95.8000032	111.7000008	95.0999976
2018-08-18	55.2999984	55.2999984	27	18.3999996	14.8000008
2018-08-19	0.80000004	0.80000004	0	0	0
2018-08-20	0	0	0	0	0
2018-08-21	0	0	0	0	0
2018-08-22	0.80000004	0.80000004	0	0.200000016	0
2018-08-23	1.60000008	1.60000008	0	0	0
2018-08-24	0	0	0	0	0
2018-08-25	0	0	0	0	0
2018-08-26	2.29999992	2.29999992	1.000000032	0.500000016	2.499999936
2018-08-27	0	0	0	0	0
2018-08-28	0	0	0	0	0
2018-08-29	0	0	0	0	0
2018-08-30	2.4	2.4	0	0	0.80000004
2018-08-31	26.2000008	26.2000008	6.50000016	0.700000008	0.80000004
2018-09-01	9.70000008	15.3	9.70000008	1.300000008	4.70000016
2018-09-02	0	0	0	0	0
2018-09-03	0	0.100000008	0	0	0
2018-09-04	0	0	0	0	0
2018-09-05	0	0	0	0	0
2018-09-06	1.300000008	0.9	1.300000008	3.70000008	1.2
2018-09-07	0.100000008	0	0.100000008	0.100000008	0.100000008
2018-09-08	0	0	0	0	0.80000004
2018-09-09	0	0.100000008	0	0	0.100000008
2018-09-10	0	1.60000008	0	0	0
2018-09-11	0	0	0	0	0
2018-09-12	0.200000016	0	0.200000016	0.100000008	0.80000004
2018-09-13	1.5	1.000000032	1.5	1.000000032	0.9
2018-09-14	0.100000008	1.60000008	0.100000008	0.100000008	0
2018-09-15	0	0	0	0	0
2018-09-16	0	0	0	0.100000008	0
2018-09-17	52.7000016	59.1	52.7000016	87.4999992	88.5
2018-09-18	0	0.100000008	0	0.100000008	0
2018-09-19	0	0	0	0	0
2018-09-20	22.9999992	6.6	22.9999992	14.19999936	6.6
2018-09-21	16.9999992	15.9	16.9999992	17.19999936	14.7
2018-09-22	0	0	0	0	0
2018-09-23	0	0	0	0	0
2018-09-24	0	0	0	0	0
2018-09-25	0.3	0.400000032	0.3	0.200000016	0.9
2018-09-26	0.9	1	0.9	0.7	0.7
2018-09-27	0	0	0	0	0
2018-09-28	0	0	0	0	0
2018-09-29	0	0.8	0	0	0.8
2018-09-30	0	0.8	0	0	0.8
2018-10-01	0	0.8	0	0	0
2018-10-02	0	0.8	0	0	0
2018-10-03	0	0	0	0	0
2018-10-04	0	0	0	0	0
2018-10-05	0	0	0	0	0
2018-10-06	0	0	0	0	0
2018-10-07	0	0	0	0	0
2018-10-08	0	0	0	0	0
2018-10-09	0	0.1	0	0	0
2018-10-10	0	0.3	0	0	0
2018-10-11	0	0	0	0	0
2018-10-12	0	0	0	0	0
2018-10-13	0	0	0	0	0
2018-10-14	0.3	1	0.3	0.5	5.4
2018-10-15	3.7	2.2	3.7	3	3.8
2018-10-16	0.4	0.4	0.4	0.3	1.1
2018-10-17	0	0	0	0	0
2018-10-18	0	0.8	0	0	0
2018-10-19	0	0	0	0	0
2018-10-20	0	0	0	0	0.8
2018-10-21	0	0.9	0	0.7	0.4
2018-10-22	4.3	5.3	4.3	4.2	3.1
2018-10-23	0	0	0	0	0
2018-10-24	0	1.6	0	0	0
2018-10-25	4.9	8.4	4.9	4.8	3.5
2018-10-26	0	0.3	0	0.2	0.2
2018-10-27	0	0.8	0	0	0
2018-10-28	0	0	0	0	0
2018-10-29	0	0	0	0	0
2018-10-30	0	0	0	0	0
2018-10-31	0	0	0	0	0
2018-11-01	0	0	0	0	0.8
2018-11-02	0	0.8	0	0	0
2018-11-03	0	0	0	0	0.8
2018-11-04	0	0.5	0	0	0
2018-11-05	0	0	0	0	0
2018-11-06	12.8	19.3	12.8	14.4	12.8
2018-11-07	22.4	26.6	22.4	21.1	22.4
2018-11-08	6.1	8.8	6.1	8.6	8.4
2018-11-09	0	0.8	0	0	0
2018-11-10	0	0	0	0	0
2018-11-11	0.6	1.6	0.6	0.5	0.3
2018-11-12	0	0	0	0	0
2018-11-13	0	0	0	0	0
2018-11-14	0	0.1	0	0.1	0.5
2018-11-15	0.8	1.1	0.8	2.1	0.4
2018-11-16	1	0.9	1	3.1	1.1
2018-11-17	2.1	1.9	2.1	3.6	2.7
2018-11-18	12.8	10	12.8	15	16.2
2018-11-19	0	0	0	0	0.1
2018-11-20	0	0	0	0.1	0
2018-11-21	1.3	0.6	1.3	1.8	1.2
2018-11-22	0	0	0	0	0
2018-11-23	0	0	0	0	0
2018-11-24	0	0	0	0	0
2018-11-25	0	0.8	0	0	0
2018-11-26	0	0	0	0	0
2018-11-27	0.1	0	0.1	0	0
2018-11-28	0	0	0	0	0.8
2018-11-29	0	0	0	0	0.8
2018-11-30	0	0	0	0	0
2018-12-01	0	0	0	0	0
2018-12-02	0.4	0.2	0.4	1	0.5
2018-12-03	9.8	11.6	9.8	9	10.9
2018-12-04	1.9	3.2	1.9	1	2.4
2018-12-05	9.3	12	9.3	8.9	9.1
2018-12-06	12.9	11.5	12.9	16	15.5
2018-12-07	4.3	4.3	4.3	4.1	4.7
2018-12-08	0	0	0	0	0
2018-12-09	0	1.6	0	0.4	1
2018-12-10	12.7	15.6	12.7	11.4	12.2
2018-12-11	5.6	5.6	5.6	3.5	5
2018-12-12	0	0	0	0	0
2018-12-13	0	1.6	0	0	0
2018-12-14	0	0	0	0	0
2018-12-15	0	0	0	0	0
2018-12-16	1.6	0.7	1.6	0.7	0.8
2018-12-17	0	0	0	0.1	0
2018-12-18	0	0	0	0.1	0
2018-12-19	3.3	3.9	3.3	3	4
2018-12-20	3.8	3.8	3.8	3.4	3.7
2018-12-21	0	0	0	0	0.8
2018-12-22	15.7	20.1	15.7	14.2	18.3
2018-12-23	0.1	0.3	0.1	0	0.2
2018-12-24	0	0	0	0	0
2018-12-25	5.7	5.8	5.7	5.3	5.9
2018-12-26	7.9	9.2	7.9	8.8	10.2
2018-12-27	0.6	0.7	0.6	0.6	0.9
2018-12-28	0	0	0	0	0
2018-12-29	0	0	0	0	0
2018-12-30	0	0	0	0	0.8
2018-12-31	2.3	2.5	2.3	2.8	2.7
2019-01-01	0	0	0	0	0.8
2019-01-02	0	0	0	0	0
2019-01-03	0	0	0	0	1.6
2019-01-04	9.9	9.3	9.9	9.8	8.6
2019-01-05	0.6	0.7	0.6	0.4	0.3
2019-01-06	0	0	0	0	0
2019-01-07	1.5	1.6	1.5	1.5	0.9
2019-01-08	0.5	1	0.5	0.5	0.5
2019-01-09	9.2	7.9	9.2	10	5.9
2019-01-10	7.8	13.7	7.8	9.4	13.8
2019-01-11	2.8	2.3	2.8	3.9	6.7
2019-01-12	0	0	0	0.2	0
2019-01-13	0.1	0.1	0.1	0	0
2019-01-14	0	0	0	0	0
2019-01-15	0.1	0	0.1	0.2	0.2
2019-01-16	0	0	0	0	0
2019-01-17	0	0	0	0	0
2019-01-18	0	0	0	0	0
2019-01-19	0	0	0	1.6	0
2019-01-20	0	0	0	9.3	0
2019-01-21	0	0	0	0	0
2019-01-22	0	0	0	0	0
2019-01-23	0	0	0	0	0
2019-01-24	0	0	0	0	0
2019-01-25	0	0	0	0	0
2019-01-26	0	0	0	0	0
2019-01-27	0	0	0	0	0
2019-01-28	2	2.7	3.1	3.3	3.5
2019-01-29	0.7	0.9	1.7	0.8	0.6
2019-01-30	4.7	4.6	4.2	5.3	4.4
2019-01-31	16.9	15	16.5	18.8	20
2019-02-01	2.4	0	0	0	0
2019-02-02	0	0	0	0	0
2019-02-03	3.4	4.1	2.9	6.4	4.1
2019-02-04	0	0.1	0.1	0.2	0
2019-02-05	0	0	0	0	0
2019-02-06	0	0	0	0	0
2019-02-07	7.2	4.6	2.4	3.6	3
2019-02-08	0.2	0.4	0	0.7	0.5
2019-02-09	0	0.1	0	1.3	0.5
2019-02-10	1.6	1.3	0	1.2	0.1
2019-02-11	10.2	8	13.3	9.5	6.8
2019-02-12	12.5	15.1	14.1	15.1	16.2
2019-02-13	15.4	18.2	11.3	14.3	22
2019-02-14	3.2	3.8	4.4	5.4	5.2
2019-02-15	2.7	2.6	3	3.5	3.2
2019-02-16	0	0	0.2	0.1	0.1
2019-02-17	0	0	0	0	0
2019-02-18	12.4	12.6	2.5	11.8	11.6
2019-02-19	2.9	3	1.3	5	4.8
2019-02-20	1.2	1.4	1.9	3	2.1
2019-02-21	6.4	4	4.1	4.2	3.4
2019-02-22	12.5	11	8	8.8	8.1
2019-02-23	0.1	0	0.1	0.1	0
2019-02-24	0	0	0	0	0
2019-02-25	0	0	0	0	0
2019-02-26	5.8	4.8	5.5	5.8	6
2019-02-27	6.7	6.8	5.5	5.4	5.7
2019-02-28	0.3	0.1	0.1	0.1	0.1
2019-03-01	1.1	1.6	2	3	2.6
2019-03-02	3.6	3.9	3.9	5	3.7
2019-03-03	0	0	0	0	0
2019-03-04	0	0	0.1	0	0
2019-03-05	6.9	7.9	8.3	9.7	8.3
2019-03-06	0	0	0	16	0
2019-03-07	0	0	0	0	0
2019-03-08	0	0	0	0	0
2019-03-09	0	0	0	0	0
2019-03-10	0	0	0	0	0
2019-03-11	0	0	0	0	0
2019-03-12	0	0	0	0	0
2019-03-13	0	0	0	0	0
2019-03-14	0	0	0	0	0
2019-03-15	0	0	0	0	0
2019-03-16	0	0	0	0	0
2019-03-17	0	0	0	0	0
2019-03-18	0.6	0.8	2.2	2.6	2.5
2019-03-19	0.1	0	0.1	0.1	0
2019-03-20	7.2	8.5	8.9	13.7	13.2
2019-03-21	0	0.1	0	0	0
2019-03-22	0	0	0	0	0
2019-03-23	0	0	0	0	0
2019-03-24	0	0	0	0	0
2019-03-25	0.1	0.2	0.5	0.6	0.2
2019-03-26	0	0	0	0	0
2019-03-27	0.9	1.1	0.2	1.5	0.8
2019-03-28	0.1	0.1	0.1	0.1	0.1
2019-03-29	0	0	0	0	0
2019-03-30	0	0	0	0	0
2019-03-31	0	0	0	0	0
2019-04-01	0	0	0	0	0
2019-04-02	0	0	0	0	0
2019-04-03	0	0	0	0	0
2019-04-04	0	0	0	0	0
2019-04-05	0	0	0	0	0
2019-04-06	0	0	0	0	0
2019-04-07	0	0	0	0	0
2019-04-08	0	0	0	0	0
2019-04-09	10.7	10.3	12.5	14.9	14.6
2019-04-10	0	0	0	0.1	0
2019-04-11	4.4	4.6	4.6	4.8	4
2019-04-12	0	0	0	0	0
2019-04-13	0	0	0	0	0
2019-04-14	0	0	0	0	0
2019-04-15	0	0	0	0	0
2019-04-16	0	0	0	0	0
2019-04-17	0	0	0	0	0
2019-04-18	0	0	0	0	0
2019-04-19	0	0	0	0	0
2019-04-20	0	0	0	0	0
2019-04-21	4.6	5.4	7.2	4.1	7.6
2019-04-22	1	1	1.8	2.6	2
2019-04-23	0	0	0	0	0.1
2019-04-24	0	0	0.2	1.2	0
2019-04-25	0	0	0	0.3	0
2019-04-26	0	0	0	0	0
2019-04-27	0	0	0	0	0
2019-04-28	1.2	0.4	1.5	1.9	1.4
2019-04-29	15	0	14.7	15.9	17.4
2019-04-30	0	0	0	0	0
2019-05-01	0	0	0	0	0
2019-05-02	0	0	0	0	0
2019-05-03	0	0	0	0	0
2019-05-04	0	0	0	0	0
2019-05-05	0	0	0	0	0
2019-05-06	0	0.3	0	0	0.4
2019-05-07	0	0.1	0	0	0
2019-05-08	0	0	0	0	0
2019-05-09	0	0	0	0	0
2019-05-10	0	0	0	0	0
2019-05-11	0	0	0	0	0
2019-05-12	0	0	0	0	0
2019-05-13	0.7	0.5	7.6	1.2	22.4
2019-05-14	0.2	0	1.7	0.1	0.1
2019-05-15	1.9	2.3	1.6	0.6	1.1
2019-05-16	0	0	0	0	0
2019-05-17	0.9	0.7	0.9	1.4	0.8
2019-05-18	0	0	0	0	0
2019-05-19	0	0	0.6	0.4	0.5
2019-05-20	0.2	0.1	0.2	0.8	0.6
2019-05-21	0	0	0	0	0
2019-05-22	0	0	0	0	0
2019-05-23	0	0	0	0	0
2019-05-24	0	0	0	0	0
2019-05-25	0	0	0	0.1	0
2019-05-26	71	72.8	68.5	62.3	50.8
2019-05-27	0	0	0	0.2	0
2019-05-28	0	0	0	0	0
2019-05-29	0	0	0	0	0
2019-05-30	5.8	6.1	5.4	0.7	5.9
2019-05-31	1.8	2	2.3	0.2	2.7
2019-06-01	0	0	0	0.1	0
2019-06-02	0	0.4	0	0	0.2
2019-06-03	0	0	0	0.1	0
2019-06-04	0	0	0	0	0
2019-06-05	0	0	0	0	0
2019-06-06	1	71.3	65.2	53.1	67
2019-06-07	0	0	0	0	0
2019-06-08	0	0	0	0	0
2019-06-09	0	0	0	0	0
2019-06-10	0.1	0	0	0	0
2019-06-11	0	0	0	0	0
2019-06-12	0	0	0	0	0
2019-06-13	0.4	0.2	0.7	0	0.9
2019-06-14	0	0	0	0	0
2019-06-15	0	0	0	0	0
2019-06-16	0	0	0	0	0
2019-06-17	11.3	11.5	11.2	0	10.2
2019-06-18	15.6	16.7	20.1	8.2	18.4
2019-06-19	0.8	1.5	0.6	1.3	0.8
2019-06-20	34.9	31.3	26.1	25.4	28.2
2019-06-21	13.3	31.2	24.3	35.2	33.6
2019-06-22	0	0	0	0	0
2019-06-23	0	0	0	0	0
2019-06-24	0	0	0	0	0
2019-06-25	0	0	0	0	0
2019-06-26	0	0	0	0	0
2019-06-27	0	0	0	0	0
2019-06-28	0.1	0	0	0	0
2019-06-29	12.2	19.5	11.7	13.6	14.9
2019-06-30	0.9	1.6	3.4	3	3.9
2019-07-01	0	0	18.1	6.3	18.1
2019-07-02	0	0.4	0	0	0.1
2019-07-03	0	0	0	0	0.8
2019-07-04	0	0	0	0	0
2019-07-05	0	0	0	0	0
2019-07-06	0	0	0	0	0.1
2019-07-07	0	0	0	0	0
2019-07-08	0	0	0	0	0
2019-07-09	1.3	2.6	2.9	18.1	12.6
2019-07-10	0	0	0	0	0
2019-07-11	0	0	0	0	0
2019-07-12	14.9	15	9.6	20.6	22.2
2019-07-13	0.2	0.5	0.1	1	1.4
2019-07-14	0	0	0	0	0
2019-07-15	0	0	0	0	0
2019-07-16	0	0	0	0	0
2019-07-17	0	0	0	0	0
2019-07-18	0	0	0	0	0
2019-07-19	0	0.4	0	0	0
2019-07-20	0	0	0	0	0
2019-07-21	0	0	0	0	0
2019-07-22	0.1	0	0	0	0
2019-07-23	0	0	0	0	0
2019-07-24	0	0	0	0	0
2019-07-25	0	0	0	0	0
2019-07-26	0	0	0.2	0	0
2019-07-27	0	0.3	0.5	0	0
2019-07-28	0	0	0	0	0
2019-07-29	0	0	0	0	0
2019-07-30	0	0	0	0	0
2019-07-31	0	0	0	0	0
2019-08-01	0	0	0	0	0
2019-08-02	0.5	4.1	0	0.2	0.1
2019-08-03	0	0	0	0	0
2019-08-04	2.4	0	0	0.2	0
2019-08-05	0	0	0	0.3	0
2019-08-06	0.1	0	0.9	0	0
2019-08-07	0	0	0	0	0
2019-08-08	0	0	0	0	0
2019-08-09	0	0	0	0	0
2019-08-10	23.9	28.7	35.6	35.4	29.7
2019-08-11	7.9	4.3	5.8	5	4.1
2019-08-12	0	0	0	0	0
2019-08-13	0	0	0	0	0
2019-08-14	0	0	0	0	0
2019-08-15	0	0	0	0	0
2019-08-16	0	0	0	0	0
2019-08-17	0	0	0	0	0
2019-08-18	0	0.2	0	0	0.3
2019-08-19	0	0	0	0	0
2019-08-20	0	0	0	0	0
2019-08-21	0	0	0	0	0
2019-08-22	0	0	0	0	0
2019-08-23	0	0	0	0	0
2019-08-24	0	0	0	0	0
2019-08-25	0	0	0	0	0
2019-08-26	1.4	0	0.7	0	0
2019-08-27	0.6	0	25.6	27.4	34.7
2019-08-28	12	10.2	6.2	6.7	7.5
2019-08-29	0.1	0	0	0.1	0.1
2019-08-30	0	0	0	0	0
2019-08-31	0	0	0	0	0
2019-09-01	0.2	0.5	1.1	1.1	1.3
2019-09-02	0	0	0.4	0.1	0.2
2019-09-03	10	11.7	9.3	7.9	9.5
2019-09-04	0	0	0	0	0
2019-09-05	0	0	0	0	0
2019-09-06	0	0	0	0	0
2019-09-07	0	0	0	0	0
2019-09-08	0	0	0	0	0
2019-09-09	0	0	0	0	0
2019-09-10	0	0.2	0	0	0.2
2019-09-11	0	0	0	0	0
2019-09-12	0	0	0	0	0
2019-09-13	0	0	0	0	0
2019-09-14	0	0	0	0	0
2019-09-15	0	0	0	0	0
2019-09-16	0	0	0	0	0
2019-09-17	0	0	0	0	0
2019-09-18	0	0	0	0	0
2019-09-19	0	0	0	0	0
2019-09-20	0	0	0	0	0
2019-09-21	0	0	0	0	0
2019-09-22	0	0	0	0	0
2019-09-23	0	0	0	0	0
2019-09-24	0	0	0	0	0
2019-09-25	0	0	0	0	0
2019-09-26	0	0	0	0	0
2019-09-27	0	0	0	0	0
2019-09-28	0	0	0	0	0
2019-09-29	0	0	0	0	0
2019-09-30	0	0	0	0	0
2019-10-01	0	0	0	0	0
2019-10-02	0	0	0	0	0
2019-10-03	0	0	0	0	0
2019-10-04	0	0	0	0	0
2019-10-05	6.3	4.4	6.4	2.5	3.9
2019-10-06	0.3	0.5	0.2	0.6	1.2
2019-10-07	0	0	0	0	0
2019-10-08	0	0	0.1	0.3	0.1
2019-10-09	0	0	0	0	0
2019-10-10	0	0	0	0	0
2019-10-11	0.3	0.8	1	0.6	0.5
2019-10-12	0.3	0.3	0.5	0.2	1.1
2019-10-13	0	0	0	0.2	0
2019-10-14	0	0	0	0	0
2019-10-15	0	0	0	0	0
2019-10-16	0	0	0	0	0
2019-10-17	0	0	0	0	0.2
2019-10-18	0	0	0	0	0
2019-10-19	0	0	0	0	0
2019-10-20	0	0	0	0	0
2019-10-21	0	0	0	0	0
2019-10-22	0	0	0	0	0
2019-10-23	0	0.1	0.1	0	0
2019-10-24	0	0	0	0	0
2019-10-25	0	0.1	0.1	0	0.1
2019-10-26	0	0	0	0	0
2019-10-27	0	0	0	0	0
2019-10-28	0	0	0	0	0
2019-10-29	0	0	0	0	0
2019-10-30	0	0	0	0	0
2019-10-31	0	0	0	0	0
2019-11-01	0	0	0	0	0
2019-11-02	0	0	0	0	0
2019-11-03	0	0	0	0	0
2019-11-04	0	0	0	0	0
2019-11-05	0	0	0	0	0
2019-11-06	0	0	0	0	0
2019-11-07	0	0	0	0	0
2019-11-08	0	0	0	0	0
2019-11-09	0	0	0	0	0
2019-11-10	0	0	0	0	0
2019-11-11	0	0	0	0	0
2019-11-12	0.3	0.3	0.3	0	0.4
2019-11-13	0	0.2	0.2	0	0.6
2019-11-14	0	0	0	0	0
2019-11-15	0	0	0	0	0
2019-11-16	0	0	0	0	0
2019-11-17	3.8	3.1	5.3	0	3.9
2019-11-18	7	6.7	8.6	0	11.7
2019-11-19	0	0	0	0	0
2019-11-20	0	0	0	0	0
2019-11-21	0	0	0	0	0
2019-11-22	0	0	0	0	0
2019-11-23	0	0	0	0	0
2019-11-24	0.9	1	1	1.1	0.9
2019-11-25	4.9	4.7	3.3	3.9	3.7
2019-11-26	3	3.1	2.5	2.5	1.8
2019-11-27	24.5	24.2	20	24.1	25.1
2019-11-28	0	0.1	0	0.1	0
2019-11-29	0	0	0	0	0
2019-11-30	3.6	3.3	2.8	3.2	2.8
2019-12-01	7.9	7.5	7.1	7.8	7.6
2019-12-02	0.1	0	0	0	0
2019-12-03	0	0	0	0	0
2019-12-04	0	0	0	0.1	0
2019-12-05	0	0	0	0	0
2019-12-06	0	0	0	0	0
2019-12-07	0	0	0	0	0
2019-12-08	0	0	0	0	0
2019-12-09	0	0	0	0	0
2019-12-10	0	0	0	0	0
2019-12-11	0	0	0	0	0
2019-12-12	0	0	0	0	0
2019-12-13	0	0	0	0	0
2019-12-14	0	0	0	0	0
2019-12-15	0	0	0	0	0
2019-12-16	0	0	0	0	0
2019-12-17	7.5	7.9	8.6	13.3	11.2
2019-12-18	15	9.6	9	7.6	8.8
2019-12-19	0.5	2	1.8	3.4	2.4
2019-12-20	0	0	0	0	0
2019-12-21	5.5	5.2	6.1	7.2	7
2019-12-22	4.2	3.5	4.8	4	4.4
2019-12-23	0.6	0.7	1	1.1	0.6
2019-12-24	0.6	0.7	0.3	0.6	0.3
2019-12-25	6.1	6.3	7	8.7	8.9
2019-12-26	1.1	0.5	0.7	0.7	0.9
2019-12-27	0.1	0	0.1	0.1	0
2019-12-28	0	0.1	0.4	0.3	0.3
2019-12-29	0.8	1.1	2.4	3.1	1.8
2019-12-30	0	0	0.1	0	0
2019-12-31	0	0	0	0	0
2020-01-01	0.4	0.1	0.4	0.1	0.2
2020-01-02	2.5	2	1.8	0.6	0.7
2020-01-03	0	0.2	0.3	0.4	0.4
2020-01-04	1.4	1.9	3.4	2.9	3.3
2020-01-05	0	0	0	0	0
2020-01-06	2.6	2.5	2.3	1.6	1.5
2020-01-07	10.9	9.7	8	7.1	7.9
2020-01-08	0	0	0	0	0
2020-01-09	3.1	1.4	0	1.2	1.3
2020-01-10	6.5	7.2	7.4	7.6	8.5
2020-01-11	3.3	3	2.7	2.8	3
2020-01-12	0.2	0.1	0.1	0	0.2
2020-01-13	0	0	0	0.1	0
2020-01-14	0	0	0	0	0
2020-01-15	0.2	0.2	2.1	2	1.2
2020-01-16	12	4.9	7.3	8.2	11.6
2020-01-17	0.7	9.4	0.2	0	0.1
2020-01-18	0	0	0	0	0
2020-01-19	0	0	0	0	0
2020-01-20	0	0	0	0	0
2020-01-21	1.4	1.3	1.7	1.6	1.6
2020-01-22	7.5	7.7	8.4	11.8	10.3
2020-01-23	0.2	0.2	0.2	0.2	0
2020-01-24	0.9	1	1.2	2.4	1.5
2020-01-25	2.1	1.6	1.3	2.1	1.7
2020-01-26	10.5	12	12.7	15.6	11.1
2020-01-27	10	13.8	7.4	8.7	11.6
2020-01-28	10.6	0.1	0	0	0.6
2020-01-29	0	0	0	0	0
2020-01-30	0	0	0	0	0
2020-01-31	0	0	0	0	0
2020-02-01	0	0	0	0	0
2020-02-02	0	0	0	0	0
2020-02-03	0	0	0	0	0
2020-02-04	0	0	0	0	0
2020-02-05	0	0	0	0	0
2020-02-06	4.9	5.5	4.6	6.5	5.2
2020-02-07	0.9	0.8	1.3	1.1	1.2
2020-02-08	0	0.1	0.1	0	0.1
2020-02-09	0	0	0	0	0
2020-02-10	0	0	0	0.5	0
2020-02-11	0	0	0	0.4	0.3
2020-02-12	0	0	0	0	0.1
2020-02-13	0	0	0	0.1	0
2020-02-14	0	0.2	0	0.2	0
2020-02-15	5.8	4.6	0	2.5	3.7
2020-02-16	9.3	5.1	0	3	5.1
2020-02-17	0	0	0	1.7	2.3
2020-02-18	0	0	0	0	0
2020-02-19	0	0	0	0	0
2020-02-20	0	0	0	0	0
2020-02-21	0	0	0	0	0
2020-02-22	0	0	0	0	0
2020-02-23	0	0	0	0	0
2020-02-24	0	0	0	0	0
2020-02-25	5.8	3	0	0.8	2.1
2020-02-26	0	0	0	0.3	0.1
2020-02-27	0	0	0	0.1	0
2020-02-28	9.5	8.1	0	0.1	4.8
2020-02-29	3.5	3.4	0	0.1	4.8
2020-03-01	0	0	0	0.1	0
2020-03-02	0	0	0	0.1	0
2020-03-03	0	0	0	0	0
2020-03-04	0	0	0	0.1	0
2020-03-05	0	0	0	0	0
2020-03-06	0	0.1	0	0.2	0
2020-03-07	0	0	0	0	0
2020-03-08	0	0	0	0.4	0.3
2020-03-09	4.8	3.4	1.8	12.2	5.8
2020-03-10	0.4	0.1	0.3	0.1	0.3
2020-03-11	0	0	0	0	0
2020-03-12	0	0.2	0.1	0.1	0
2020-03-13	0.1	0	0.1	0.1	0.1
2020-03-14	0	0	0	0	0
2020-03-15	0	0	0	0	0
2020-03-16	0	0	0	0	0
2020-03-17	0	0	0	0	0
2020-03-18	0	0	0	0	0
2020-03-19	0	0	0	0	0
2020-03-20	0	0	0	0	0
2020-03-21	6.1	5.3	6.3	11.8	9.9
2020-03-22	0.1	0	0.2	0.2	0.1
2020-03-23	0	0	0	0	0
2020-03-24	0	0	0	0	0
2020-03-25	5	4.5	4.2	7	4.1
2020-03-26	22.7	20.9	31.7	36.2	30.9
2020-03-27	4	3.5	4.3	3.4	3.5
2020-03-28	16.6	16.9	14.1	13.5	13.6
2020-03-29	18.9	20.4	16.6	21.5	22
2020-03-30	0.2	0.2	0.1	0.3	0.1
2020-03-31	7.9	7.5	9.1	6	7.5
2020-04-01	0.2	0.1	0	0.1	0.1
2020-04-02	0	0	0	0	0
2020-04-03	0	0	0	0	0
2020-04-04	0	0	0	0	0
2020-04-05	0	0	0	0	0
2020-04-06	0	0	0	0	0
2020-04-07	0	0	0	0	0
2020-04-08	0	0	0	0	0
2020-04-09	0	0	0	0	0
2020-04-10	0	0	0.1	0.4	0.4
2020-04-11	4.3	4.5	4.1	5.8	5.8
2020-04-12	0	0	0.1	0	0
2020-04-13	0	0	0	0	0
2020-04-14	0	0	0	0	0
2020-04-15	0	0	0	0	0
2020-04-16	0	0	0	0	0
2020-04-17	0	0	0	0	0
2020-04-18	18	14.6	15.6	25.9	27.7
2020-04-19	13.6	12.8	7.9	21.8	23.7
2020-04-20	0.6	0.6	0.9	1.9	1.2
2020-04-21	0.1	0	0	0	0
2020-04-22	0	0	0	0	0
2020-04-23	0	0	0	0	0
2020-04-24	0	0	0	0	0
2020-04-25	0	0	0	0	0
2020-04-26	0	0	0	0	0
2020-04-27	0	0	0	0	0
2020-04-28	0	0	0	0	0
2020-04-29	0	0	0	0	0
2020-04-30	0	0	0	0.1	0
2020-05-01	0.3	0.7	1.4	2.6	1.7
2020-05-02	0	0	0	0	0
2020-05-03	0	0	0	0	0
2020-05-04	0	0	0	0	0
2020-05-05	26.5	30.9	12.2	4.4	22.2
2020-05-06	0	0	0	0	0
2020-05-07	0	0	0	0	0.1
2020-05-08	8.7	10.9	13.9	19.1	14.3
2020-05-09	0.2	0	0	0	0
2020-05-10	0.1	0	0.2	0	0
2020-05-11	0.1	0	0	0	0
2020-05-12	0.1	0	0	0	0
2020-05-13	0	0	0	0	0
2020-05-14	29.3	28.8	42.8	47.4	62.9
2020-05-15	0.1	0.1	0	0	0
2020-05-16	0	0	0	0	0
2020-05-17	0	0	0	0	0
2020-05-18	0	0	0	0	0
2020-05-19	0	0	0	0	0
2020-05-20	0	0	0	0	0
2020-05-21	0	0	0	0	0
2020-05-22	0	0	0	0	0
2020-05-23	0.1	0	0	0	0
2020-05-24	0.2	0	0	0	0
2020-05-25	0.2	0.8	0.6	0.6	0.7
2020-05-26	0.1	0.7	1.1	1.4	1.3
2020-05-27	0	0	0	0	0
2020-05-28	0	0	0	0	0
2020-05-29	0	1.2	1.3	5.1	1.6
2020-05-30	0	0	0	0	0
2020-05-31	0.1	0	0	0	0
2020-06-01	0	0	0	0	0
2020-06-02	0	0	0	0	0
2020-06-03	0	0	0	0	0
2020-06-04	0	0	0	0	0
2020-06-05	24	15.5	59.9	7.4	9.6
2020-06-06	0	0	0	0	0
2020-06-07	0.1	0	0	0	0
2020-06-08	0	0	0	0	0
2020-06-09	0	0	0	0	0
2020-06-10	33.8	21.7	12.4	4	7.9
2020-06-11	0.2	0	0	0	0
2020-06-12	20.4	21.5	17.1	13.7	12.9
2020-06-13	79.4	76.1	91.9	84.8	89.7
2020-06-14	22.9	29.1	19.5	41.4	44.1
2020-06-15	29.7	22.3	21.6	15.6	16.6
2020-06-16	9.6	10.6	6	1.8	3.1
2020-06-17	1.1	3	0.4	3.6	1.2
2020-06-18	20.5	17.8	15.1	12.2	12.7
2020-06-19	0	0.1	0	0	0
2020-06-20	1.2	1	1.4	3.6	1.7
2020-06-21	37.1	35.3	41.2	51	51.1
2020-06-22	22.7	20.8	20.8	11.4	13.6
2020-06-23	11.5	14.1	14.1	15.4	22.2
2020-06-24	0	0.1	0	0.1	0.1
2020-06-25	0	0	0	0	0
2020-06-26	0	0	0	0	0
2020-06-27	4	4.3	3.1	2.8	3.9
2020-06-28	36.4	29.9	37.3	31.1	48.8
2020-06-29	9.9	9.1	8.3	6.6	6
2020-06-30	0	0	0	0	0
2020-07-01	0.2	2	0	0	0
2020-07-02	3	4.4	4.4	3.1	5
2020-07-03	0.2	0	0.1	0	0.1
2020-07-04	0	0	0	0	0
2020-07-05	12.9	19.2	13.6	6.7	10.6
2020-07-06	0.4	0.7	0	5	3.7
2020-07-07	0	0	0	0	0
2020-07-08	0	0	0	0	0
2020-07-09	0	0	0	0	0
2020-07-10	0	0	0	0	0
2020-07-11	29.7	30.6	34.3	29.5	31.6
2020-07-12	6.9	6	8	5.1	1.7
2020-07-13	2.7	2.2	3.1	4.7	3.5
2020-07-14	0	0	0	0	0
2020-07-15	34.6	39.9	15.1	26.3	40.4
2020-07-16	10	10.9	14.7	31.8	33.4
2020-07-17	16.2	8.8	13.2	3	9.5
2020-07-18	83.6	104.9	104.1	118.2	105.6
2020-07-19	93.2	52.6	158.7	150.9	178.1
2020-07-20	0	0.3	0.3	0.3	0.3
2020-07-21	0	0	0	0.2	0
2020-07-22	0	0	0	0	0
2020-07-23	0	0	0	0.1	0
2020-07-24	34.6	0	53.8	48.7	53.4
2020-07-25	0.5	0	0.2	1	1
2020-07-26	13.8	0	20.2	13.4	21
2020-07-27	8.9	0	14.2	13	16.9
2020-07-28	2.3	0	11.7	8.5	9.7
2020-07-29	0.1	0	0	0	0
2020-07-30	0.9	0	4.1	2.6	3.3
2020-07-31	0	0	0.4	0.2	0.4
2020-08-01	0	0	0	0	0.2
2020-08-02	0	0	0	0	0
2020-08-03	0	0	0	0	0
2020-08-04	0	0	0	0	0
2020-08-05	0	0	0	0	0
2020-08-06	0	0	0	0	0
2020-08-07	0	0	0	0	0
2020-08-08	6.2	0	0	0.9	0
2020-08-09	3.2	0	2.9	3.8	2.2
2020-08-10	0.3	0	5.2	2.5	4.2
2020-08-11	0.4	0	1.7	1.4	0.1
2020-08-12	0.1	0	0	0.1	0
2020-08-13	0	0	0	0	0
2020-08-14	0	0	0	0	0
2020-08-15	0	0	0	0	0
2020-08-16	0	0	0	0	0
2020-08-17	0	0	0	0	0
2020-08-18	0	0	0	0	0
2020-08-19	0	0	0	0	0
2020-08-20	18	0	14.1	34.9	11.4
2020-08-21	2.9	0	7	10.8	11.6
2020-08-22	0.1	0	8.9	0	0
2020-08-23	0	0	0	0	0
2020-08-24	0	0	0	0	0
2020-08-25	0	0	0.1	0	0
2020-08-26	0.7	0	7.6	13.7	4.3
2020-08-27	0	0	0	0	0
2020-08-28	0	0	0	0	0.3
2020-08-29	0	0	0	0	0
2020-08-30	0	0	0	0	0
2020-08-31	0	0	0	0	0
2020-09-01	4.2	0	0.2	0.5	0.2
2020-09-02	0	0	0	0	0
2020-09-03	0	0	0	0	0
2020-09-04	0	0	0	0	0
2020-09-05	0	0	0	0	0
2020-09-06	0	0	0	0	0
2020-09-07	0	0	0	0	0
2020-09-08	0	0	1.4	0	0
2020-09-09	0	0	0	0	0
2020-09-10	3.2	0	3.4	3.1	4
2020-09-11	0.1	2.9	0.3	0.1	0.2
2020-09-12	0	0	0	0	0
2020-09-13	0	0	0	0	0
2020-09-14	0	0	0	0	0
2020-09-15	9.9	0	11.6	13.8	13.3
2020-09-16	0.2	0	0.5	0.8	0.5
2020-09-17	36.9	0	49.6	30.9	37.2
2020-09-18	0.1	0	0.1	0	0.1
2020-09-19	0	0	0	0	0
2020-09-20	0	0	0	0	0
2020-09-21	0.8	0	1.9	0.4	1.4
2020-09-22	6.4	0	4.6	4.3	3.6
2020-09-23	4.7	0	6.6	6.6	6.8
2020-09-24	0	0	0	0	0
2020-09-25	0	0	0	0	0
2020-09-26	0	0	0	0	0
2020-09-27	0	0	0	0	0
2020-09-28	0	0	0	0	0
2020-09-29	0	0	0.1	0.3	0.1
2020-09-30	0	0	0	0	0
2020-10-01	0	0	0	0	0
2020-10-02	0.8	0	0.6	0.8	0.9
2020-10-03	38.9	0	49.5	35.9	39.9
2020-10-04	5.1	0	6.2	4.7	6.4
2020-10-05	0	0	0	0.1	0.2
2020-10-06	2.6	0	2.2	2.5	2.3
2020-10-07	0.7	0	0.6	0.7	0.5
2020-10-08	0	0	0	0	0
2020-10-09	0	0	0	0	0
2020-10-10	0	0	0	0	0
2020-10-11	0	0	0	0	0
2020-10-12	0	0	0	0	0
2020-10-13	0	0	0	0	0
2020-10-14	0	0	0	0	0
2020-10-15	2.8	0	12.1	11.1	14.4
2020-10-16	9.2	1.4	12.9	6.9	8.6
2020-10-17	7.5	0	0.2	0	0.2
2020-10-18	0	0	0	0	0
2020-10-19	0	0	0	0	0
2020-10-20	0	0	0	0	0
2020-10-21	2.5	2.1	3.4	3.9	4
2020-10-22	0	0	0	0	0
2020-10-23	0	0	0	0	0
2020-10-24	0	0	0	0	0
2020-10-25	0	0	0	0	0
2020-10-26	0	0	0	0	0
2020-10-27	0	0	0	0	0
2020-10-28	0	0	0	0	0
2020-10-29	0	0	0	0	0
2020-10-30	0	0	0	0	0
2020-10-31	0	0	0	0	0
2020-11-01	0	0	0	0	0
2020-11-02	0	0	0	0	0
2020-11-03	0	0	0	0	0
2020-11-04	0	0	0	0	0
2020-11-05	0	0	0	0	0
2020-11-06	0	0	0	0	0
2020-11-07	0	0	0	0	0
2020-11-08	0	0	0	0	0
2020-11-09	0	0	0	0	0
2020-11-10	0	0	0	0	0
2020-11-11	0	0	0	0	0
2020-11-12	0	0	0	0	0
2020-11-13	0	0	0	0	0
2020-11-14	0	0	0	0	0
2020-11-15	0	0	0	0	0
2020-11-16	0	0	0	0	0
2020-11-17	1.8	4.2	4.1	2.7	6.4
2020-11-18	0	0	0	0	0
2020-11-19	0	0	0	0	0
2020-11-20	0	0	0	0	0
2020-11-21	0	0	0	0	0
2020-11-22	0	0	0	0	0
2020-11-23	0.1	2.5	2.7	3.6	4.2
2020-11-24	0.1	5	4.6	3.4	3.8
2020-11-25	0.3	15.3	22.7	25.6	28.7
2020-11-26	5.6	1.7	1.4	2.2	2
2020-11-27	2.7	0.4	0.3	0.1	0.3
2020-11-28	0	0	0	0	0
2020-11-29	0	0	0	0	0
2020-11-30	0	0	0	0	0
2020-12-01	0.1	0.1	0.1	0	0.2
2020-12-02	1.5	0.9	0.9	1.7	1
2020-12-03	0.7	0	0.1	0.1	0
2020-12-04	0	0	0	0	0
2020-12-05	0	0	0	0	0
2020-12-06	0.7	0.2	0.2	0.4	0.5
2020-12-07	1	0.5	1.2	1.4	1.8
2020-12-08	1.4	0.9	1.7	1.3	1.1
2020-12-09	0	0	0	0	0
2020-12-10	0	0	0	0	0
2020-12-11	0	0	0	0	0
2020-12-12	0	0	0	0	0
2020-12-13	0	0	0	0	0
2020-12-14	4.4	2.5	4.8	5.4	0
2020-12-15	2.3	1.2	0.6	0	0
2020-12-16	0	0.1	0	0	0.9
2020-12-17	0	0	0	0	3.2
2020-12-18	0	0	0	0	0.3
2020-12-19	0	0	0	0	0
2020-12-20	0	0	0	0	0
2020-12-21	0	0	0	0	0
2020-12-22	0	0	0	0	0
2020-12-23	0	0	0	0	0
2020-12-24	0	0	0	0	0
2020-12-25	0	0	0	0	0
2020-12-26	0	0	0	0	0
2020-12-27	2.5	1.4	2.2	1.8	2.2
2020-12-28	0	0	0	0	0
2020-12-29	5.5	3.7	4.8	4.9	4.8
2020-12-30	4.8	1.3	0.1	1.3	0.1
2020-12-31	1.2	0.5	0	0	0.2
2021-01-01	0.6	0.2	0.1	0	0.6
2021-01-02	0	0	0	0	0.8
2021-01-03	0	0	0	0	0
2021-01-04	0	0	0	0	0
2021-01-05	0.1	0	0	0.1	0.1
2021-01-06	0	0	0	0	0
2021-01-07	0	0	0	0	0
2021-01-08	0	0	0	0	0
2021-01-09	0	0	0	0	0
2021-01-10	0	0	0	0	0
2021-01-11	0	0	0	0	0
2021-01-12	0	0	0	0	0
2021-01-13	0	0	0	0	0
2021-01-14	0	0	0	0	0
2021-01-15	0	0	0	0	0
2021-01-16	0	0	0	0	0
2021-01-17	0	0	0	0	0
2021-01-18	0	0	0	0	0
2021-01-19	0	0	0	0	0
2021-01-20	0	0	0	0	0
2021-01-21	2.5	2.8	3.5	3.5	3.6
2021-01-22	3.8	4.7	5	4.7	5.9
2021-01-23	3.2	5.2	6.3	6.2	7.3
2021-01-24	1.6	0	0	0	0
2021-01-25	1.4	3.1	3.4	3.6	3.6
2021-01-26	1.3	0.5	0	0.2	0.1
2021-01-27	2.5	1.5	2.3	2.4	2.5
2021-01-28	0.9	0	0	0.1	0.1
2021-01-29	4.4	0	0	0	0
2021-01-30	0.6	0	0	0	0
2021-01-31	0.1	3.5	5.1	5.3	6
2021-02-01	0.1	1.3	1.8	1.6	1.8
2021-02-02	0	0	0.2	0	0
2021-02-03	0.8	0	0	0	0
2021-02-04	0.3	0.1	0.3	0.1	0.2
2021-02-05	0.2	5	8.3	6.6	7.5
2021-02-06	0.3	0	0	0	0
2021-02-07	0.2	0	0	0	0
2021-02-08	0.1	0	0	0.1	0.3
2021-02-09	0.1	0	0	0	0
2021-02-10	0.1	0	0	0	0
2021-02-11	0.1	0.5	1.4	0.9	1
2021-02-12	0	0	0	0	0
2021-02-13	0	0	0	0	0
2021-02-14	0	0	0	0	0
2021-02-15	0	0	0	0	0
2021-02-16	0	0	0	0	0
2021-02-17	0	0	0	0	0
2021-02-18	0	0	0	0	0
2021-02-19	0	0	0	0	0
2021-02-20	0	0	0	0	0
2021-02-21	0	0	0	0	0
2021-02-22	0	0	0	0	0
2021-02-23	0	0	0	0	0
2021-02-24	0	0	0	0	0
2021-02-25	1	8	10.3	15.4	17.7
2021-02-26	2.3	9.5	14.1	16	16
2021-02-27	3.5	5.2	5.9	4.7	5
2021-02-28	1.4	0.9	2.2	2.8	2.7
2021-03-01	0.9	7.5	6.5	9.8	10.6
2021-03-02	0.5	0	0	0	0
2021-03-03	0.1	0	0	0	0
2021-03-04	0	0	0	0	0
2021-03-05	0	4.5	7.9	6.6	6.6
2021-03-06	0.1	1.7	2.6	2.8	2.5
2021-03-07	0	0	0.2	0.3	0.7
2021-03-08	0	5.7	6.9	5.8	6.9
2021-03-09	0	0.1	1.9	0.7	1.2
2021-03-10	0.2	0	0.1	0	0.1
2021-03-11	0.1	2.9	5.8	5.4	6.3
2021-03-12	0	0	0	0	0
2021-03-13	0.1	0	0	0	0
2021-03-14	0	0	0	0	0
2021-03-15	0.1	1.7	3	6.2	4.5
2021-03-16	0	0.1	0	0	0
2021-03-17	0.1	0.6	0.7	1.3	0.9
2021-03-18	0	3.9	3.2	1.9	2.2
2021-03-19	0.1	15.4	29.4	28.1	33
2021-03-20	0	3.6	4.7	3.1	3.8
2021-03-21	0.1	0	0	0	0
2021-03-22	0	0	0	0	0
2021-03-23	0	0	0	0	0
2021-03-24	0.1	0	0	0	0
2021-03-25	0.4	0.1	0	0	0.2
2021-03-26	4.1	3.2	4.8	4.7	4.6
2021-03-27	8.2	4.7	8.5	5.9	6.8
2021-03-28	0	0	0	0	0
2021-03-29	0	0	0	0	0
2021-03-30	0	0	0	0	0
2021-03-31	3.8	2.7	5.3	4.8	4.6
2021-04-01	9.9	17.2	5	19.8	4.1
2021-04-02	0.1	0	0.4	0.2	0.1
2021-04-03	1.5	0.8	1.8	1.9	1.6
2021-04-04	0	0	0.1	0	0
2021-04-05	0	0	0	0	0
2021-04-06	0	0	0	0	0
2021-04-07	11	7.3	9.3	8.9	10.4
2021-04-08	0.1	0	0	0.4	0.3
2021-04-09	0	0	0	0	0
2021-04-10	0	0	0	0	0
2021-04-11	0.2	0.2	0.2	0.1	0
2021-04-12	0.1	0.1	0	0	0.1
2021-04-13	0	0	0.5	0	0
2021-04-14	0	0	0.2	0	0
2021-04-15	0	0	0	0	0
2021-04-16	0	0	0	0	0
2021-04-17	0	0	0	0	0
2021-04-18	0	0	0	0	0
2021-04-19	0	0	0	0	0
2021-04-20	1.8	1.5	2.1	1.5	0.9
2021-04-21	2.2	1.5	2.1	3.5	2.7
2021-04-22	0.5	0.3	0.5	1.2	1
2021-04-23	0	0	0	0	0
2021-04-24	0	0	0	0	0
2021-04-25	0.7	0.2	0.5	0.3	0.3
2021-04-26	13.9	9.7	7.5	7.5	7.7
2021-04-27	8.5	6.2	8.1	5.8	6.5
2021-04-28	0.1	0	0	0	0
2021-04-29	0	0	0	0	0
2021-04-30	2.7	0.4	3.7	1.1	1.4
2021-05-01	0	0	0	0	0
2021-05-02	0	1.3	0	2.5	0
2021-05-03	10	7.9	7.7	9.1	7.6
2021-05-04	8	4.1	5.4	3.6	4.1
2021-05-05	0.3	0	0	0	0
2021-05-06	0	0	0	0	0
2021-05-07	0	0	0	0	0
2021-05-08	0	0	0	0	0
2021-05-09	0	0	0	0	0
2021-05-10	0	0	0	0	0
2021-05-11	0	0.4	0.5	0.4	0.3
2021-05-12	0	0	0	0	0
2021-05-13	0	1.2	3	3	3.1
2021-05-14	0	2.9	1.2	1.1	1.2
2021-05-15	0	18.6	7.9	15.3	11.4
2021-05-16	0	27.4	18.3	20.1	23.3
2021-05-17	0	1.3	2.5	1.2	3.2
2021-05-18	0	0	0	0	0
2021-05-19	18.1	10.6	16.4	10.1	14
2021-05-20	0	0.1	0.1	0	0
2021-05-21	0	0	0	0	0
2021-05-22	0	3.5	0.1	0	1.5
2021-05-23	0	0.6	3.9	1.7	2.2
2021-05-24	0	0	0	0	0
2021-05-25	0	0	0	0	0
2021-05-26	44	34.7	41.8	41.4	46.7
2021-05-27	1.3	0	0.1	0	0.1
2021-05-28	0	0	0	0	0
2021-05-29	0	0	0	0	0
2021-05-30	0	0	0	0	0
2021-05-31	0	0	0	0	0
2021-06-01	0	0	0	0	0
2021-06-02	0	0	0	0	0
2021-06-03	23.3	14.8	23.4	19.8	31.6
2021-06-04	0.6	0	0	0	0
2021-06-05	0.1	0	0	0	0
2021-06-06	0.1	0	0	0	0
2021-06-07	0.1	0	0	0	0
2021-06-08	0	0	0	0	0
2021-06-09	0	0	0	0	0
2021-06-10	0.1	0.8	0.8	0.9	1.1
2021-06-11	0	0	0	0	0
2021-06-12	0	0.3	7	28	13.3
2021-06-13	38	23	35	23.5	24.3
2021-06-14	1.8	0	0	0	0.1
2021-06-15	38.8	41.2	30.4	15.8	30.3
2021-06-16	38.8	31.5	25.3	8.7	28.5
2021-06-17	34	17.5	6.7	1.7	2
2021-06-18	6.7	4.9	4.3	4.2	3.3
2021-06-19	0.9	0.9	0.6	0.8	0.9
2021-06-20	0	0	0	0	0
2021-06-21	0	0	0	0	0
2021-06-22	0	0	0	0	0
2021-06-23	0	0	0	0	0
2021-06-24	0	0	0	0	0
2021-06-25	12.3	8.6	10.9	10.5	10.1
2021-06-26	10.8	11.1	11.7	7.3	12.8
2021-06-27	7.4	7.5	8.2	58.9	21
2021-06-28	0	0.2	0	0	0.1
2021-06-29	0	0	0	0	0
2021-06-30	0	0	0	0	0
2021-07-01	0	0	0	0	0
2021-07-02	16.4	9.4	16.6	21.4	13.5
2021-07-03	30.2	17.6	16.3	10.7	9.1
2021-07-04	63.8	63.2	69.6	57.8	72.8
2021-07-05	20.3	11.8	4.8	5.4	6.2
2021-07-06	0.1	0	0	0	0
2021-07-07	3.9	0.9	1.4	15.3	3.7
2021-07-08	58.5	51.9	25	11.3	18.8
2021-07-09	0.2	0	0.1	0	0
2021-07-10	0	0	0	0	0
2021-07-11	0	0	0	0	0
2021-07-12	0	0	0	0	0
2021-07-13	0.1	0.4	0	0	0
2021-07-14	0	1.1	1.2	0.6	0.3
2021-07-15	0	0	0	0	0
2021-07-16	0	0	0.8	0.1	0.1
2021-07-17	83.4	46.8	44.1	40.7	44.4
2021-07-18	43.5	1.7	7.4	24.9	4.2
2021-07-19	1.6	0	0	0	0
2021-07-20	0	0	0	0	0
2021-07-21	0	0	0	0	0
2021-07-22	0	0	0	0	0
2021-07-23	0	0	0	0	0
2021-07-24	0	0	0	1.8	0.3
2021-07-25	6.3	0	5.2	5	3.7
2021-07-26	5.4	0	6	7	7.5
2021-07-27	67.9	0	74	50.5	77.9
2021-07-28	13.6	0	7.5	8.4	5.9
2021-07-29	0.1	0	0	0	0.1
2021-07-30	0.2	0	0	0	0
2021-07-31	0.1	0	0	0	0
2021-08-01	0	0	0	0	0
2021-08-02	0	0	0	0	0
2021-08-03	0.2	0	0.8	5.6	0.2
2021-08-04	0	0	0	0	0
2021-08-05	0	0	0	0	0
2021-08-06	0	1.4	0	0	0
2021-08-07	0	0	0	0	0
2021-08-08	0	0	0	0	0
2021-08-09	0	0	0	0	0
2021-08-10	0.1	0	0.6	0.2	1.4
2021-08-11	28.1	0	6.4	5.8	4
2021-08-12	17	0	9.6	11.5	16
2021-08-13	19.9	0	14.4	56.7	47.4
2021-08-14	6.2	0	4.4	6.4	6
2021-08-15	1.4	0	3.8	2.1	2.4
2021-08-16	3.4	0	11.1	15.4	20
2021-08-17	0.5	0	0.1	0	0
2021-08-18	0.8	0	0	0	0
2021-08-19	0.1	0	0	0	0
2021-08-20	0	0	1.3	1.1	0.9
2021-08-21	3.4	0	0.1	0	0.1
2021-08-22	0	0.7	0	0	0
2021-08-23	2	0	0.5	13.1	9.6
2021-08-24	9.7	0	16.2	20.6	24.5
2021-08-25	0.3	0	0.1	0.1	0.2
2021-08-26	4	7.9	6.6	3.9	11.6
2021-08-27	9.2	9.2	0	0	0
2021-08-28	0.3	0.1	0	0	0
2021-08-29	0	0	0	0	0
2021-08-30	0.4	0	0	0	0
2021-08-31	0	0	0	0	0
2021-09-01	0	0	0	0	0
2021-09-02	0	0	0	0	0
2021-09-03	0	0	0	0	0
2021-09-04	0	0	0	0	0
2021-09-05	0	0	0	0	0
2021-09-06	0	0	0	0	0
2021-09-07	0	0	0	0	0
2021-09-08	0	0	0	0	0
2021-09-09	0	0	0	0	0
2021-09-10	0	0	0	0	0
2021-09-11	0	0	0	0	0
2021-09-12	0	0	0	0	0
2021-09-13	0	0	0.5	0.2	1.9
2021-09-14	0	0	0	0	0
2021-09-15	0	0	0	0	0
2021-09-16	0	0	0	0	0
2021-09-17	0	0	0	0	0
2021-09-18	0	0	0	0	0
2021-09-19	0	0	0	0	0
2021-09-20	0	35.3	23.7	25.4	42.5
2021-09-21	0	0	0	0	0
2021-09-22	0	0	0	0	0
2021-09-23	0	0	0	0	0
2021-09-24	0	0	0	0	0
2021-09-25	0	0	0	0	0
2021-09-26	0	0.6	0	0	0
2021-09-27	0	0	0	0	0
2021-09-28	16.7	29.3	14.5	28.2	26.2
2021-09-29	12.1	15.7	26.8	12.6	19.7
2021-09-30	0.1	0.1	0	0	0.1
2021-10-01	0	0	0	0	0
2021-10-02	0	0	0	0	0.1
2021-10-03	0	0	0	0	0
2021-10-04	0	0	0	0	0
2021-10-05	0	0.1	0	0	0
2021-10-06	0	0.1	0	0	0.1
2021-10-07	0	0	0	0	0
2021-10-08	1.3	0.1	0.2	0.4	0
2021-10-09	0.9	0	0.1	0.6	0.1
2021-10-10	14.9	24.6	3.5	8.2	3.5
2021-10-11	3.2	2.2	2.6	2.5	3.5
2021-10-12	0.1	0	0	0	0
2021-10-13	0	0	0	0	0.1
2021-10-14	2.8	5.3	4.5	4	3.2
2021-10-15	27.1	23.5	13.6	11.9	19.7
2021-10-16	27.2	27.4	23.3	20.6	24.4
2021-10-17	0.1	0	0	0	0
2021-10-18	0	0	0	0	0.1
2021-10-19	0	0	0	0	0
2021-10-20	12.4	17.4	14.1	11.7	13.8
2021-10-21	0.1	0.4	0.1	0	0.2
2021-10-22	0	0.2	0	0	0
2021-10-23	0	2.9	0	0	0.1
2021-10-24	0	0	0	0	0
2021-10-25	0	0	0	0	0
2021-10-26	0	0	0	0	0
2021-10-27	0.5	0	0.6	0.2	0.2
2021-10-28	0	0	0	0	0.1
2021-10-29	0	0	0	0	0
2021-10-30	0	1.1	0	0	0
2021-10-31	0	0.6	0	0	0
2021-11-01	0	0	0	0	0
2021-11-02	0	0	0	0	0
2021-11-03	0	0	0	0	0
2021-11-04	0	2.2	0	0	0
2021-11-05	11.6	12.6	17.6	13.5	17.2
2021-11-06	0.4	0.2	1.9	0.2	0.2
2021-11-07	11.4	9.8	5.6	7.3	2.8
2021-11-08	0	0.1	0	0	0.1
2021-11-09	0	0	0	0	0.1
2021-11-10	0	0	0	0	0.1
2021-11-11	0	0	0	0	0
2021-11-12	0	0	0	0	3.4
2021-11-13	0	0	0	0	0
2021-11-14	0	0	0	0	0
2021-11-15	0	0	0	0	0
2021-11-16	0	0	0	0	0
2021-11-17	0	0	0	0	0
2021-11-18	0	0	0	0	0
2021-11-19	0	0	0	0	0
2021-11-20	1.3	1.3	1.4	1.2	1.5
2021-11-21	2.9	3	3.5	4.3	5.2
2021-11-22	0	0	0	0	0.1
2021-11-23	0	0	0	0	0
2021-11-24	0	0	0	0	0
2021-11-25	0	0	0	0	0
2021-11-26	0	0	0	0	0
2021-11-27	0	0	0	0	0
2021-11-28	0	0	0	0	0
2021-11-29	0	0	0	0	0
2021-11-30	0	0	0	0	0
2021-12-01	0	0	0	0	0
2021-12-02	0	0	0	0	0
2021-12-03	0	0	0	0	0
2021-12-04	0	0	0	0	0
2021-12-05	0	0	0	0	0
2021-12-06	0	0	0	0	0
2021-12-07	0	0	0	0	0
2021-12-08	0	0	0	0	0
2021-12-09	0	0	0	0	0
2021-12-10	0	0	0	0	0
2021-12-11	0.6	0.8	0.7	0.7	0.8
2021-12-12	5	5.6	5.9	5.9	7
2021-12-13	0	0	0	0	0
2021-12-14	0	0	0	0	0
2021-12-15	0	0	0	0	0
2021-12-16	4.6	4.5	1.7	1.4	1.6
2021-12-17	0	0	0	0	0
2021-12-18	0	0	0	0	0
2021-12-19	0	0	0	0	0
2021-12-20	0	0	0	0	0
2021-12-21	0	0	0	0	0
2021-12-22	0	0	0	0	0
2021-12-23	0	0	0	0	0
2021-12-24	0.4	0.7	0	0.7	0.2
2021-12-25	0.3	0.1	0	0.2	0.1
2021-12-26	0	0	0	0	0
2021-12-27	0	0	0	0	0
2021-12-28	0	0	0	0	0
2021-12-29	0	0	0	0	0
2021-12-30	0	0	0	0	0
2021-12-31	0	0	0	0	0
2022-01-01	0	0	0	0	0
2022-01-02	0	0	0	0	0
2022-01-03	0	0	0	0	0
2022-01-04	2.6	2.5	3.3	3.3	4.4
2022-01-05	17.8	19.5	17.7	13.5	16.8
2022-01-06	0.3	0.3	0.3	0.3	0.2
2022-01-07	0	0	0	0	0
2022-01-08	0	0	0	0	0
2022-01-09	0.7	0.7	1.1	1.1	1.4
2022-01-10	0.3	0.3	0.5	0.4	0.5
2022-01-11	0	0	0	0	0
2022-01-12	0	0	0	0.1	0
2022-01-13	0	0	0	0	0
2022-01-14	0	0	0	0	0
2022-01-15	0	0	0	0	0
2022-01-16	0	0	0	0	0
2022-01-17	0	0	0	0	0
2022-01-18	0	0	0	0	0
2022-01-19	0	0	0	0	0
2022-01-20	0	0	0	0	0
2022-01-21	0.1	0.1	0.5	1.1	0.7
2022-01-22	7.6	8.7	8.3	8.2	10.5
2022-01-23	18.5	21.8	21.7	19	26.2
2022-01-24	5.7	6.4	7.3	6.3	8.8
2022-01-25	0	0	0	0	0.1
2022-01-26	7.9	10.4	10.2	9.4	12.4
2022-01-27	7.9	7.8	6.1	4.6	6.4
2022-01-28	2.5	2.7	3.1	2.4	4.4
2022-01-29	1.6	1.3	0.9	2.7	1.4
2022-01-30	1.4	1.5	1.9	2	2.6
2022-01-31	0	0	0	0	0
2022-02-01	0	0	0	0	0
2022-02-02	0	0.1	0.7	1.2	0.8
2022-02-03	0.4	0.4	0.5	1.4	1.4
2022-02-04	0	0.1	0.1	0	0.1
2022-02-05	0	0	0	0.1	0
2022-02-06	0	0	0	0	0
2022-02-07	0.2	1	3.1	5.4	3.2
2022-02-08	15.6	15.3	15.2	14.3	14.1
2022-02-09	8.3	8.7	8.4	5.3	10
2022-02-10	0	0.1	0	0	0
2022-02-11	3.4	3.2	4	3.9	5.4
2022-02-12	0.3	0.3	0.6	0.4	0.6
2022-02-13	0.1	0	0.1	0.1	0.1
2022-02-14	0	0	0	0	0
2022-02-15	0	0	0	0	0
2022-02-16	0	0	0	0	0
2022-02-17	0	0.9	0.5	1	1.1
2022-02-18	7.6	7.9	7.9	6.7	4.9
2022-02-19	0	0.1	0.1	0	0.1
2022-02-20	0	0	0	0	0
2022-02-21	0	0	0	0	0
2022-02-22	0	0	0	0	0
2022-02-23	0	0	0	0	0
2022-02-24	0	0	0	0	0
2022-02-25	0	0	0	0	0
2022-02-26	0	0	0	0	0
2022-02-27	0	0	0	0	0
2022-02-28	0	0	0.5	0.2	0
2022-03-01	0	1.1	0.4	0.3	0
2022-03-02	0	0	0	0	0
2022-03-03	0	0	0	0	0
2022-03-04	0	3.7	2.9	1.8	0
2022-03-05	0	0	0	0	0
2022-03-06	0	0	0	0	0
2022-03-07	0	0	0	0	0
2022-03-08	0	0	0	0	0
2022-03-09	0	0	0	0	0
2022-03-10	0	0	0	0	0
2022-03-11	0	0	0	0	0
2022-03-12	0	0	0	0	0
2022-03-13	0	0.4	0.1	0.1	0
2022-03-14	0	0	0	0	0
2022-03-15	0	0	0	0	0
2022-03-16	0	0	0	0	0
2022-03-17	44.3	47.8	46.7	38.7	0
2022-03-18	0	0.3	0	0	0.3
2022-03-19	0.5	0	0	0	0
2022-03-20	45.3	42.3	39.6	33	34.7
2022-03-21	66.7	57.1	52.6	42.8	44.7
2022-03-22	1.7	2.3	2.8	3.2	3
2022-03-23	0	0.2	0	0	0
2022-03-24	0.1	0	0	0.3	0
2022-03-25	55.5	53.4	46.5	42.7	49.9
2022-03-26	0.6	0.4	0	0	0
2022-03-27	0	0	0	0	0
2022-03-28	0	0	0	0.4	0
2022-03-29	0	0	0	0	0
2022-03-30	0	0.2	0.1	0.6	0.5
2022-03-31	0	3.3	3.7	4.1	3.3
2022-04-01	0.1	0	0	0	0
2022-04-02	0	0	0	0	0
2022-04-03	0	0	0	0	0
2022-04-04	0	0	0	0	0
2022-04-05	0	0	0	0	0
2022-04-06	0	0	0	0	0
2022-04-07	0	0	0	0	0
2022-04-08	0	0	0	0	0
2022-04-09	0	0	0	0	0
2022-04-10	0	0	0	0	0
2022-04-11	0	0	0	0	0
2022-04-12	0	0	0	0	0
2022-04-13	16.3	20.9	21.6	17.8	22.3
2022-04-14	0.1	0	0	0	0
2022-04-15	0	0	0	0	0
2022-04-16	0	0	0	0	0
2022-04-17	0	0	0	0	0
2022-04-18	0	0	0	0	0
2022-04-19	0	0	0	0	0
2022-04-20	0	0	0	0	0
2022-04-21	0	0	0	0	0
2022-04-22	0	0	0.1	0	0
2022-04-23	0	1.2	2.5	0.2	3
2022-04-24	0	0	0	0	0
2022-04-25	0	0	0	0	0
2022-04-26	0	0	0	0	0
2022-04-27	0	0	0	0	0
2022-04-28	0	23.5	20.6	0	18.7
2022-04-29	0	0.5	0.3	0	0.3
2022-04-30	0	0	0	0	0
2022-05-01	0	0	0	0	0
2022-05-02	0	0	0	0	0
2022-05-03	0	0	0	0	0
2022-05-04	1.7	0	0	0	0
2022-05-05	0	0	0	0	0
2022-05-06	0	0	0	0	0
2022-05-07	0	0	0	0	0
2022-05-08	0	0	0	0	0
2022-05-09	0	0.4	0.1	0	0
2022-05-10	3.2	1.9	3.8	0	1.2
2022-05-11	0	0	0	0	0
2022-05-12	0	0	0	0	0
2022-05-13	0	0	0	0	0
2022-05-14	0	0	0	0	0
2022-05-15	0	0	0	0	0
2022-05-16	0	0	0	0	0
2022-05-17	0	0	0	0	0
2022-05-18	0	0	0	0	0
2022-05-19	3.8	4.7	4.7	0	4.6
2022-05-20	0	0	0.1	0	0
2022-05-21	0	0	0	0	0
2022-05-22	0	0	0	0	0
2022-05-23	0	0	0	0	0
2022-05-24	0	0	0	0	0
2022-05-25	0	0	0	0	1.4
2022-05-26	23.9	5.3	23	0	16.8
2022-05-27	0	0	0	0	0
2022-05-28	0.4	0.1	0	0.1	0
2022-05-29	0	0.1	0	0.1	0
2022-05-30	5.1	8.1	1.7	21.1	16.4
2022-05-31	0	0	0	0	0
2022-06-01	0	0	0	0	0
2022-06-02	0	0	0	0	0
2022-06-03	0	0	0.1	1.7	0.3
2022-06-04	0	0	0	0	0
2022-06-05	0	0	0	0	0
2022-06-06	0	0	0	0	0
2022-06-07	0	0	0	0	0
2022-06-08	0	0	0	0	0
2022-06-09	0	0	0	0	0
2022-06-10	0	0	0	0	0
2022-06-11	0	0	0	0	0
2022-06-12	0.8	1	0.5	0.5	0.4
2022-06-13	0.1	0	0.2	0.5	0.2
2022-06-14	1.2	0.1	0	0	0
2022-06-15	0	0	0	0	0
2022-06-16	0	0	0	0	0
2022-06-17	0	0	0	0	0
2022-06-18	0	0	0	0	0
2022-06-19	0	0.1	0	0	0
2022-06-20	0	0	0	0	0
2022-06-21	0	0	0	0.1	0
2022-06-22	0	0	0	0	0
2022-06-23	0.2	0.1	0.8	0.1	0.9
2022-06-24	5.3	8.8	14.1	17.9	25
2022-06-25	0	0	0	0	0
2022-06-26	0	0	0	0	0
2022-06-27	0	0	0	0	0
2022-06-28	16.4	18.4	17.7	12.6	12.2
2022-06-29	0	0	0	0	0
2022-06-30	0	0	0	0	0
2022-07-01	0	0	0	0	0
2022-07-02	0	0	0	0	0
2022-07-03	0	0	0	0	0
2022-07-04	1.6	1.5	23.3	0.4	10.1
2022-07-05	7.7	7.5	6.4	18.3	7.2
2022-07-06	11.8	15.3	10.3	7.4	10.1
2022-07-07	0	0	0	0	0.4
2022-07-08	0	0	0	0	0
2022-07-09	0.4	0	0	0	0
2022-07-10	0	0	0	0	0
2022-07-11	0	0	0	0	0
2022-07-12	0	0	0	0	0
2022-07-13	0	0	0	0	0
2022-07-14	0	0	0	0	0
2022-07-15	0	0	0	0	0
2022-07-16	0	0	0	0	0
2022-07-17	2.6	3.4	2.3	2.7	1
2022-07-18	0	0	0.1	0	0.2
2022-07-19	0.7	0.5	0.9	0.5	0.5
2022-07-20	8.8	12.8	6.7	6.6	9.6
2022-07-21	15.6	9.1	2.1	2.9	2.6
2022-07-22	0	0	0	0	0
2022-07-23	0	0	0	0	0
2022-07-24	0	0	0	0	0
2022-07-25	0	0	0	0	0
2022-07-26	0	0	0	0	0
2022-07-27	0	0	0	0	0
2022-07-28	0	0	0	0	0
2022-07-29	0	0	0	0	0
2022-07-30	0	0	0	0	0
2022-07-31	0	0	0	0	0
2022-08-01	0	0	0	0	0
2022-08-02	0	0	0	0	0
2022-08-03	0	0	0	0	0
2022-08-04	0	0	0	0	0
2022-08-05	0	0	0	0	0
2022-08-06	0	0	0	0	0
2022-08-07	0	0	0	0	0
2022-08-08	0	0	0	0	0
2022-08-09	0	0	0	0	0
2022-08-10	0	0	0	0	0
2022-08-11	0	0	0	0	0
2022-08-12	0	0	0	0	0
2022-08-13	0	0	0	0	0
2022-08-14	0	0	0	0	0
2022-08-15	0	3.9	0	0	3.2
2022-08-16	0	0	0	0	0
2022-08-17	0.1	3.2	0.1	0	0
2022-08-18	0	0	0	0	0
2022-08-19	0	0	0	0	0
2022-08-20	0	0	1.9	3.6	1.2
2022-08-21	0	0	0.1	0	0
2022-08-22	0	0	0	0	0
2022-08-23	0	0	0	0	0
2022-08-24	0	0	0	0	0
2022-08-25	0	0	0	0	0
2022-08-26	0	0.4	4.8	0	0.8
2022-08-27	1.9	2.9	5.3	0.6	2.4
2022-08-28	0	0	0.2	0	0
2022-08-29	0.9	1.3	0.4	0	0
2022-08-30	0.4	0.2	0.1	0	2.8
2022-08-31	0.3	0.1	0.1	0	0
2022-09-01	4.2	0.1	0	0	0
2022-09-02	0	0	0	0	0
2022-09-03	0	0	0	0	0
2022-09-04	0	0	0	0	0
2022-09-05	0	0	0	0	0
2022-09-06	0	0	0	0	0
2022-09-07	0	0	0	0	0
2022-09-08	0	0	0	0	0
2022-09-09	0	0	0	0	0
2022-09-10	0	0	0	0	0
2022-09-11	0	0	0	0	0
2022-09-12	0	0	0	0	0
2022-09-13	0	0	0	0	0
2022-09-14	5.6	4.3	0.2	0.3	0.2
2022-09-15	0.1	0	0.1	0	0
2022-09-16	0	0	0	0	0
2022-09-17	0	0	0	0	0
2022-09-18	0	0	0	0	0
2022-09-19	0	0	0	0	0
2022-09-20	0	0	0	0	0
2022-09-21	0	0	0	0	0
2022-09-22	0	0	0	0	0
2022-09-23	0	0	0	0	0
2022-09-24	0	0	0	0	0
2022-09-25	0	0	0	0	0
2022-09-26	0	0	0	0	1.9
2022-09-27	0	0	0	0	0
2022-09-28	0	0.1	0.3	0.3	0.2
2022-09-29	0	2	0	0	0
2022-09-30	0	0	0	0	0
2022-10-01	0	0	0	0	0
2022-10-02	0	0	0	0	0
2022-10-03	0	0	0	0	0
2022-10-04	7.8	4.7	3.2	2.4	4.2
2022-10-05	4.5	5.6	5.5	4.1	4.2
2022-10-06	32	33.7	28	22.5	24.9
2022-10-07	3.7	3.4	2.9	2.5	3
2022-10-08	4.3	4.4	4	5	4.1
2022-10-09	1.1	1.3	1	1.7	1.4
2022-10-10	0	0	0	0	0
2022-10-11	0	0	0	0	0
2022-10-12	0	0	0	0.6	0
2022-10-13	0	0	0	0	0
2022-10-14	0	0	0	0	0
2022-10-15	0	0	0	0	0
2022-10-16	0	0	0	0	0
2022-10-17	0	0	0	0	0
2022-10-18	0	0	0	0	0
2022-10-19	0	0	0	0	0
2022-10-20	0	0	0	0	0
2022-10-21	0	0	0	0	0
2022-10-22	0	0	0	0	0
2022-10-23	0	0	0	0	0
2022-10-24	0	0	0	0	0
2022-10-25	0	0	0	0	0
2022-10-26	2.6	2.8	2.1	2.4	1.8
2022-10-27	1	0.4	1.3	0.6	0.8
2022-10-28	0.7	0.9	1.2	2.5	2.6
2022-10-29	0	0	0	0	0
2022-10-30	0	0	0	0	0
2022-10-31	0	0	0	0	0
2022-11-01	0	0	0	0	0
2022-11-02	0	0	0	0	0
2022-11-03	0	0	0	0	0
2022-11-04	0	0	0	0.1	0
2022-11-05	0	0	0	0	0
2022-11-06	0	0	0	0	0
2022-11-07	0	0.4	0	0	0
2022-11-08	0	0	0	0	0.6
2022-11-09	0	0	0	0	0
2022-11-10	0	0	0	0	0
2022-11-11	0	0	0	0	0
2022-11-12	0	0	0	0	0
2022-11-13	0	0	0	0	0
2022-11-14	1.3	2.2	1.1	0.5	0.7
2022-11-15	0	0	0	0	0
2022-11-16	0	0	0	0	0
2022-11-17	14	16.1	9.6	7.6	9.7
2022-11-18	1	1.2	1.3	1.4	1.1
2022-11-19	3.6	4	6.7	5.3	8
2022-11-20	0	0	0.1	0	0
2022-11-21	18.1	19.8	13.2	9.8	11.1
2022-11-22	12.1	11.9	14.3	10.7	16.4
2022-11-23	0	0	0	0	0.1
2022-11-24	0	0.1	0	0	0
2022-11-25	0	0	0	0	0
2022-11-26	0	0	0	0	0
2022-11-27	0	0	0	0	0
2022-11-28	6.8	7	18	6.6	6.5
2022-11-29	19.7	18.6	17.2	19.1	21.6
2022-11-30	0.5	0.8	0.1	1.9	0.6
2022-12-01	0.2	0	0.1	0.2	0.2
2022-12-02	0	0	0	0	0
2022-12-03	0	0	0	0	0
2022-12-04	5.2	5.7	6.1	6.1	6.5
2022-12-05	7.8	1.2	2	1.2	2
2022-12-06	0	0	0	0.1	0
2022-12-07	0	0	0	0	0
2022-12-08	0	0	0	0	0
2022-12-09	0	0	0	0	0
2022-12-10	0	0	0	0	0
2022-12-11	0	0	0	0	0
2022-12-12	0	0	0	0	0
2022-12-13	0	0	0	0	0
2022-12-14	0	0	0	0	0
2022-12-15	0	0	0	0	0
2022-12-16	0	0	0	0	0
2022-12-17	0	0.2	0.9	1.2	0.5
2022-12-18	0	0	0	0	0
2022-12-19	0	0	0	0	0
2022-12-20	0	0	0	0	0
2022-12-21	0	0	0	0	0
2022-12-22	0	0	0	0	0
2022-12-23	0	0	0	0	0
2022-12-24	0	0	0	0	0
2022-12-25	0	0	0	0	0
2022-12-26	0	0	0	0	0
2022-12-27	0	0	0	0	0
2022-12-28	0	0	0	0	0
2022-12-29	0	0	0	0	0
2022-12-30	0	0	0	0	0
2022-12-31	0	0	0	0	0